64
8 3 9 3
3 0 2 0
3 1 3 0
14 9 14 8
13 9 14 9
13 8 13 9
12 2 12 3
9 12 10 12
9 11 9 12
10 11 9 11
11 11 10 11
3 2 3 1
8 10 7 10
8 11 8 10
7 11 8 11
7 10 7 11
3 5 3 6
8 14 9 14
8 13 8 14
2 2 3 2
2 1 2 2
3 1 2 1
2 5 3 5
13 1 13 2
12 3 11 3
11 2 12 2
6 10 7 10
6 11 6 10
12 1 13 1
1 5 2 5
5 11 6 11
5 12 5 11
3 11 2 11
7 8 7 9
6 8 7 8
4 11 3 11
11 10 11 11
3 9 3 10
4 9 3 9
2 12 3 12
6 2 7 2
6 1 6 2
7 1 7 0
4 6 4 7
0 11 1 11
0 10 0 11
1 10 0 10
2 9 1 9
2 10 2 9
1 11 1 10
0 11 1 11
0 10 0 11
9 7 9 6
0 6 1 6
1 10 2 10
8 2 8 3
9 2 8 2
9 3 9 2
6 9 6 8
5 9 6 9
5 8 5 9
12 0 12 1
11 0 12 0
11 1 11 0
135
4 0 3 0
3 2 3 0
3 3 3 2
4 2 3 2
2 3 3 3
5 2 4 2
5 3 5 2
6 2 5 2
6 3 5 3
7 2 6 2
7 3 6 3
8 2 7 2
7 4 7 3
9 2 8 2
10 2 9 2
10 1 10 2
9 1 9 2
10 0 10 1
9 0 9 1
12 2 10 2
13 2 12 2
12 1 12 2
13 3 13 2
14 2 13 2
13 4 13 3
13 5 13 4
12 4 13 4
14 4 13 4
12 5 12 4
11 4 12 4
12 6 12 5
11 5 11 4
13 6 12 6
14 6 13 6
13 7 13 6
14 7 14 6
6 0 6 2
7 0 6 0
9 4 9 2
9 5 9 4
8 5 9 5
13 9 13 7
14 9 13 9
13 10 13 9
12 9 13 9
13 11 13 10
12 10 12 9
14 11 13 11
14 12 14 11
14 13 14 12
13 13 14 13
13 14 13 13
12 13 13 13
12 14 13 14
11 14 12 14
10 14 11 14
0 3 2 3
0 4 0 3
0 5 0 4
10 10 12 10
10 11 10 10
10 9 10 10
10 12 10 11
10 8 10 9
9 12 10 12
10 7 10 8
8 12 9 12
8 11 8 12
7 11 8 11
2 5 0 5
2 6 2 5
3 6 2 6
2 7 2 6
2 8 2 7
5 6 3 6
6 6 5 6
4 8 2 8
6 8 6 6
4 10 4 8
4 12 4 10
3 12 4 12
4 13 4 12
3 13 3 12
3 14 3 13
4 14 4 13
2 14 3 14
1 14 2 14
0 14 1 14
0 13 0 14
0 12 0 13
0 11 0 12
1 12 0 12
1 11 0 11
0 9 0 11
8 14 8 12
7 14 8 14
6 14 7 14
6 12 4 12
2 4 1 4
3 4 2 4
3 5 3 4
4 4 3 4
4 5 3 5
5 5 4 5
4 3 4 4
6 5 5 5
5 4 5 5
6 4 6 5
7 5 6 5
7 6 7 5
7 7 7 6
8 6 7 6
8 7 7 7
8 8 8 7
9 6 8 6
8 9 8 8
10 6 9 6
7 9 8 9
11 6 10 6
6 9 7 9
11 7 11 6
6 10 6 9
12 7 11 7
6 11 6 10
12 8 12 7
5 11 6 11
11 8 12 8
5 10 5 11
11 9 11 8
5 9 5 10
7 8 7 7
7 10 6 10
8 10 7 10
9 10 8 10
9 11 9 10
