174
4 19 4 20
14 23 13 23
1 32 1 31
15 0 14 0
26 29 25 29
8 4 8 5
31 13 30 13
22 22 22 23
28 3 28 2
29 4 29 3
29 3 30 3
31 1 30 1
29 0 30 0
14 32 13 32
6 9 5 9
9 29 8 29
9 30 9 29
8 30 9 30
0 23 0 24
8 5 9 5
25 29 24 29
24 29 24 30
3 4 3 3
2 26 2 27
22 29 22 28
26 5 27 5
26 4 26 5
31 19 31 18
24 27 24 28
17 15 16 15
23 18 23 19
17 13 16 13
16 15 16 16
2 25 2 26
2 26 3 26
22 31 22 32
32 19 31 19
27 5 27 4
3 25 2 25
7 26 7 27
9 25 9 24
21 30 21 29
25 10 24 10
25 9 25 10
25 18 25 17
21 31 22 31
17 6 17 7
5 16 5 15
21 26 21 25
14 0 14 1
22 18 23 18
9 7 8 7
9 16 9 17
5 29 5 30
28 2 27 2
11 21 11 22
20 12 20 11
2 3 2 4
28 26 28 27
4 20 5 20
27 25 26 25
27 26 28 26
9 22 8 22
26 24 26 23
25 10 26 10
15 2 15 1
13 26 13 27
31 18 32 18
24 11 25 11
26 10 26 11
25 11 25 10
3 31 3 32
23 9 22 9
18 12 17 12
9 17 8 17
21 22 22 22
30 24 31 24
25 15 25 16
28 7 28 6
24 19 25 19
19 11 19 10
2 7 2 8
20 11 20 10
22 12 22 11
15 1 15 0
26 14 25 14
0 0 0 1
19 23 20 23
28 6 29 6
3 20 3 19
12 3 11 3
28 21 27 21
19 19 19 20
9 24 10 24
12 18 12 17
14 10 14 9
27 15 27 14
0 15 0 14
31 21 32 21
27 21 27 22
10 6 9 6
8 9 8 10
19 18 18 18
27 10 28 10
29 14 28 14
12 29 12 28
27 12 27 13
12 13 12 12
25 1 25 2
5 17 6 17
9 30 10 30
0 7 0 6
21 25 22 25
18 18 18 17
17 11 18 11
31 7 32 7
8 25 9 25
10 9 9 9
1 20 1 19
2 15 3 15
18 31 19 31
25 19 25 20
31 26 31 27
9 29 9 30
29 5 29 4
13 14 14 14
12 27 11 27
11 26 12 26
19 7 20 7
18 16 17 16
22 32 23 32
23 6 23 5
32 3 32 4
3 18 3 17
2 14 1 14
23 15 24 15
11 23 10 23
10 29 10 28
1 26 0 26
12 7 11 7
18 17 18 16
5 7 4 7
21 19 21 18
32 10 32 11
22 6 22 5
7 9 7 8
26 26 26 27
14 18 13 18
13 23 13 22
16 25 15 25
19 17 19 16
29 26 29 25
16 17 16 18
25 28 26 28
22 2 21 2
29 19 29 20
16 5 15 5
20 17 20 16
20 7 21 7
7 12 8 12
4 10 3 10
17 2 17 3
14 7 14 8
13 7 12 7
5 9 5 8
14 1 14 2
15 8 15 9
7 10 6 10
23 18 24 18
8 20 7 20
19 1 19 2
8 23 7 23
7 23 7 22
31 6 32 6
125
2 27 2 25
2 29 2 27
2 31 2 29
1 31 2 31
4 31 2 31
5 27 2 27
7 27 5 27
7 29 7 27
11 27 7 27
13 27 11 27
11 30 11 27
13 32 13 27
9 32 13 32
7 22 7 27
8 22 7 22
7 20 7 22
5 20 7 20
5 18 5 20
11 22 8 22
13 22 11 22
13 18 13 22
16 18 13 18
16 16 16 18
15 16 16 16
16 13 16 16
16 10 16 13
15 10 16 10
19 10 16 10
20 10 19 10
24 10 20 10
24 6 24 10
25 6 24 6
26 6 25 6
27 6 26 6
29 6 27 6
27 4 27 6
29 4 29 6
27 2 27 4
29 2 29 4
25 2 27 2
32 6 29 6
32 7 32 6
32 4 32 6
32 11 32 7
29 11 32 11
26 11 29 11
26 12 26 11
26 13 26 12
27 13 26 13
28 13 27 13
28 14 28 13
28 15 28 14
28 18 28 15
26 18 28 18
24 18 26 18
21 18 24 18
24 15 24 18
24 21 24 18
25 21 24 21
32 18 28 18
32 21 32 18
32 23 32 21
21 2 25 2
21 1 21 2
19 2 21 2
14 2 19 2
14 4 14 2
12 2 14 2
16 4 14 4
12 4 14 4
14 8 14 4
10 8 14 8
7 8 10 8
5 8 7 8
2 8 5 8
5 11 5 8
5 4 5 8
4 4 5 4
2 4 4 4
5 0 5 4
7 0 5 0
8 0 7 0
21 24 21 18
19 24 21 24
19 20 19 24
25 27 25 21
26 27 25 27
26 28 26 27
28 27 26 27
28 26 28 27
30 27 28 27
31 27 30 27
26 31 26 28
31 24 31 27
22 31 26 31
22 30 22 31
18 30 22 30
0 22 7 22
1 10 1 9
1 11 1 10
1 14 1 11
0 14 1 14
0 13 0 14
4 11 1 11
0 18 0 14
4 15 4 11
5 15 4 15
6 15 5 15
6 13 6 15
4 18 4 15
9 13 6 13
9 14 9 13
9 11 9 13
9 9 9 11
4 21 4 18
3 21 4 21
14 9 9 9
14 14 9 14
14 15 14 14
15 15 14 15
14 17 14 15
15 17 14 17
10 23 9 23
9 25 9 23
15 25 9 25
