246
10 23 10 24
20 16 20 17
25 11 26 11
18 0 19 0
24 16 23 16
24 17 24 16
23 17 24 17
6 23 6 24
19 1 19 2
18 1 19 1
27 23 28 23
27 22 27 23
28 23 28 22
3 1 2 1
3 2 3 1
2 2 3 2
28 22 27 22
5 23 5 22
17 1 18 1
7 27 7 28
16 23 15 23
16 22 16 23
17 27 17 26
17 26 17 25
14 1 14 0
16 21 16 22
5 24 5 23
24 1 24 2
25 1 24 1
2 22 2 21
25 0 25 1
21 19 21 18
18 26 17 26
18 27 18 26
17 16 17 17
16 27 17 27
15 27 16 27
15 28 15 27
14 27 14 26
5 0 6 0
5 1 5 0
4 1 5 1
0 17 1 17
17 14 17 13
22 24 22 25
27 23 28 23
24 27 24 28
21 24 22 24
21 25 21 24
22 25 21 25
22 27 21 27
22 26 22 27
21 26 22 26
27 20 27 21
17 21 17 20
17 22 17 21
2 6 2 7
2 5 2 6
1 6 0 6
1 5 1 6
17 2 17 1
24 21 25 21
20 17 19 17
17 21 18 21
13 21 13 22
18 1 18 0
1 22 2 22
13 24 14 24
13 23 13 24
14 23 13 23
18 28 17 28
1 26 0 26
0 28 1 28
26 15 26 14
27 16 28 16
7 17 7 16
27 15 27 16
3 0 2 0
0 2 1 2
26 16 26 15
27 16 26 16
9 19 9 20
4 19 4 20
19 2 20 2
18 10 17 10
9 1 9 2
3 18 2 18
25 10 24 10
25 23 25 24
10 24 11 24
24 11 25 11
4 8 4 9
5 8 4 8
7 8 7 9
6 9 6 8
4 8 4 7
22 0 21 0
21 3 21 2
20 2 20 3
3 9 3 10
17 4 17 3
28 0 28 1
5 26 4 26
5 27 5 26
6 22 6 23
26 9 27 9
6 24 5 24
1 11 1 10
1 10 2 10
2 9 3 9
3 2 3 3
7 9 8 9
8 8 7 8
14 3 15 3
25 11 25 12
27 5 28 5
12 4 13 4
10 8 10 9
12 9 12 8
28 2 27 2
16 2 15 2
27 3 26 3
16 4 15 4
0 23 0 24
5 28 4 28
3 28 2 28
26 13 27 13
11 7 11 8
24 12 23 12
16 12 16 13
24 2 24 3
23 6 24 6
24 25 24 24
25 25 24 25
9 22 9 23
5 11 5 10
10 26 10 25
11 26 10 26
15 12 16 12
16 13 15 13
16 7 17 7
6 15 6 14
7 13 7 12
20 19 21 19
21 18 20 18
7 14 7 13
6 14 7 14
26 11 27 11
4 16 5 16
21 20 20 20
24 6 24 5
15 20 14 20
18 15 19 15
13 6 12 6
8 24 7 24
6 26 6 27
5 5 5 6
10 20 10 21
12 6 12 5
8 4 7 4
8 10 8 11
19 20 19 21
7 7 7 6
15 8 16 8
15 7 15 8
6 25 6 24
7 24 7 25
22 13 21 13
19 19 19 20
6 23 7 23
5 22 6 22
27 2 27 3
1 16 0 16
9 0 10 0
6 0 7 0
13 14 12 14
14 15 14 16
10 17 10 16
1 8 0 8
1 9 1 8
11 19 11 20
10 19 11 19
5 20 5 19
2 21 1 21
22 6 21 6
10 21 9 21
21 13 21 12
7 18 7 17
8 18 7 18
21 6 21 5
9 16 8 16
11 11 10 11
4 13 3 13
19 6 19 5
10 14 10 15
22 7 21 7
21 10 21 11
20 10 21 10
24 14 25 14
23 24 23 23
12 15 13 15
24 5 23 5
4 22 4 23
13 20 13 21
9 12 9 13
17 10 17 9
20 12 20 11
6 2 6 1
12 14 11 14
8 25 9 25
10 15 9 15
4 11 5 11
11 18 12 18
5 2 5 3
5 11 6 11
5 10 5 11
0 14 0 13
1 14 0 14
1 13 1 14
11 13 12 13
11 14 11 13
16 12 16 13
26 4 25 4
26 3 26 4
12 13 13 13
22 23 21 23
22 22 22 23
21 22 22 22
22 5 22 6
23 5 22 5
26 4 26 5
25 4 26 4
25 5 25 4
13 17 12 17
13 12 13 11
2 11 3 11
17 13 18 13
18 14 17 14
9 2 9 3
10 2 9 2
10 3 10 2
26 5 26 6
25 2 26 2
25 1 25 2
26 1 25 1
13 21 12 21
153
3 5 0 5
4 5 3 5
3 3 3 5
4 7 4 5
4 9 4 7
3 9 4 9
4 12 4 9
5 12 4 12
2 12 4 12
2 13 2 12
0 12 2 12
0 13 0 12
5 14 5 12
5 16 5 14
7 14 5 14
8 14 7 14
7 16 5 16
8 16 7 16
10 16 8 16
5 18 5 16
8 11 8 14
10 11 8 11
8 9 8 11
9 9 8 9
10 9 9 9
9 7 9 9
10 7 9 7
8 7 9 7
8 5 8 7
8 3 8 5
9 3 8 3
8 2 8 3
9 2 9 3
12 7 10 7
13 16 10 16
14 16 13 16
14 14 14 16
14 12 14 14
17 14 14 14
17 12 17 14
17 9 17 12
17 7 17 9
17 3 17 7
16 3 17 3
18 3 17 3
14 20 14 16
11 20 14 20
17 20 14 20
11 24 11 20
13 24 11 24
14 24 13 24
13 25 13 24
14 25 14 24
13 26 13 25
17 24 14 24
6 24 11 24
6 22 6 24
6 21 6 22
6 27 6 24
8 27 6 27
8 26 8 27
3 27 6 27
25 14 17 14
26 14 25 14
26 15 26 14
26 16 26 15
28 14 26 14
28 15 28 14
25 12 25 14
26 12 25 12
25 9 25 12
25 7 25 9
25 4 25 7
26 4 25 4
23 4 25 4
22 4 23 4
25 2 25 4
26 2 25 2
22 2 22 4
28 4 26 4
28 5 28 4
26 23 26 16
26 24 26 23
26 25 26 24
28 23 26 23
28 21 28 23
23 23 26 23
22 23 23 23
21 23 22 23
22 24 22 23
22 22 22 23
22 26 22 24
22 27 22 26
25 27 22 27
18 26 22 26
23 16 14 16
23 18 23 16
14 0 13 0
18 0 14 0
18 2 18 0
21 2 18 2
21 0 21 2
21 4 21 2
21 5 21 4
22 5 21 5
21 7 21 5
19 5 21 5
19 7 21 7
24 0 21 0
26 0 24 0
14 5 14 0
12 5 14 5
11 5 12 5
12 3 12 5
11 3 12 3
9 5 11 5
14 8 14 5
15 8 14 8
16 8 15 8
15 13 15 8
19 13 19 7
20 13 19 13
18 13 19 13
16 22 14 22
18 22 16 22
18 23 18 22
18 25 18 23
17 25 18 25
16 25 17 25
20 23 18 23
16 27 16 25
15 27 16 27
20 20 20 23
19 20 20 20
12 27 15 27
11 27 12 27
24 20 20 20
24 18 24 20
24 17 24 18
24 16 24 17
25 16 24 16
25 15 25 16
7 17 6 17
9 17 7 17
12 17 9 17
12 18 12 17
9 20 9 17
9 21 9 20
7 20 9 20
9 23 9 21
8 23 9 23
7 23 8 23
4 20 7 20
