344
33 33 33 32
0 22 1 22
35 12 34 12
3 16 3 17
11 29 10 29
11 34 12 34
9 37 9 38
4 38 4 37
26 21 25 21
26 20 26 21
24 21 24 22
16 37 16 38
31 25 30 25
8 17 8 16
23 19 23 20
16 38 15 38
35 25 36 25
35 28 36 28
19 7 18 7
30 3 30 2
25 31 25 32
24 31 25 31
24 32 24 31
7 10 6 10
17 33 16 33
31 7 32 7
26 17 26 18
11 6 11 5
10 6 11 6
36 10 36 9
36 37 35 37
8 4 8 3
37 37 36 37
31 18 30 18
2 16 2 15
17 21 17 20
4 31 4 30
4 30 5 30
20 16 19 16
27 22 27 23
16 4 16 3
11 13 11 14
28 27 29 27
0 16 1 16
7 27 7 28
14 37 13 37
14 38 14 37
25 21 24 21
23 37 23 36
21 5 21 4
20 4 20 5
36 20 37 20
4 22 5 22
25 31 26 31
25 32 25 31
27 33 27 32
31 11 31 10
31 26 31 25
7 21 8 21
25 25 24 25
36 19 35 19
17 24 17 23
34 21 34 20
7 36 8 36
36 22 36 23
31 21 31 20
26 21 25 21
38 23 37 23
8 21 9 21
1 12 0 12
1 11 1 12
2 12 2 13
27 24 27 25
2 13 1 13
9 21 9 22
1 22 1 21
4 2 5 2
2 23 1 23
1 12 2 12
5 2 5 1
11 6 11 7
9 6 9 7
7 5 7 6
2 9 1 9
2 11 1 11
34 13 33 13
33 14 34 14
4 20 4 21
26 37 26 36
8 8 9 8
23 36 24 36
22 36 23 36
22 0 22 1
14 34 14 35
28 16 28 17
5 27 5 28
31 16 32 16
10 0 11 0
32 18 33 18
11 7 12 7
29 18 29 19
13 33 13 32
13 34 13 33
14 33 14 34
11 5 12 5
34 18 35 18
34 17 34 18
34 18 34 19
29 20 28 20
31 33 32 33
10 29 10 28
32 37 31 37
2 32 2 33
25 20 26 20
0 37 0 36
9 30 10 30
5 30 5 31
5 31 5 32
22 15 22 14
21 15 22 15
28 5 29 5
9 35 9 36
4 10 5 10
24 11 24 10
32 33 32 34
33 31 33 30
30 8 29 8
21 13 20 13
16 33 16 32
26 33 26 34
31 38 32 38
19 33 19 34
16 34 16 33
33 32 34 32
31 37 31 38
32 38 32 37
20 10 21 10
13 37 13 36
29 2 29 3
18 37 18 36
29 3 28 3
17 27 17 28
17 32 17 33
19 34 18 34
21 10 21 11
19 32 20 32
20 35 20 36
19 35 20 35
24 37 23 37
26 2 26 3
28 3 28 4
32 34 32 35
14 34 13 34
13 33 14 33
11 35 11 34
13 36 13 35
12 35 12 36
21 3 20 3
11 19 12 19
24 17 23 17
10 18 9 18
19 15 20 15
4 14 3 14
30 12 30 13
26 13 26 14
3 31 4 31
25 27 25 28
2 10 2 11
30 14 29 14
29 5 30 5
4 9 4 10
5 9 4 9
3 3 4 3
23 17 23 18
3 6 4 6
34 26 35 26
4 6 5 6
14 31 15 31
15 23 16 23
3 38 2 38
21 26 20 26
27 11 27 12
31 23 30 23
16 23 16 24
17 17 17 16
30 25 30 24
25 24 25 25
16 24 17 24
14 30 15 30
19 19 18 19
14 0 13 0
12 7 13 7
13 0 13 1
5 18 6 18
16 17 15 17
17 4 18 4
10 22 11 22
14 22 14 23
27 8 27 7
13 26 14 26
12 30 12 29
24 35 23 35
10 4 9 4
31 1 31 0
14 37 14 36
19 18 20 18
12 19 13 19
30 0 30 1
11 26 12 26
20 27 21 27
35 0 35 1
12 18 12 19
19 14 19 13
16 14 16 15
12 29 12 28
14 14 14 13
38 3 37 3
15 11 15 12
12 28 13 28
5 10 5 9
24 5 25 5
8 31 8 30
23 5 23 6
27 27 27 26
17 16 16 16
8 9 8 10
15 15 15 14
35 7 35 8
15 14 14 14
14 15 15 15
17 20 16 20
22 1 22 2
17 22 17 21
23 6 23 7
24 6 23 6
11 14 10 14
23 7 22 7
21 9 22 9
21 8 21 9
26 14 26 15
16 3 17 3
36 36 36 35
4 36 5 36
29 27 30 27
0 21 0 20
21 6 21 5
6 10 6 11
27 21 28 21
14 9 14 10
25 33 24 33
34 14 34 15
27 26 28 26
5 25 6 25
36 15 36 14
23 30 23 31
24 30 23 30
24 31 24 30
5 22 5 23
4 23 4 22
8 26 9 26
34 3 34 2
16 9 16 8
18 9 17 9
36 7 36 6
17 0 17 1
6 26 6 27
20 8 19 8
34 2 33 2
9 29 9 30
30 27 30 28
3 4 3 5
5 24 5 25
10 31 10 32
9 18 9 17
29 36 28 36
35 2 34 2
30 23 30 22
8 11 8 12
7 11 8 11
21 37 20 37
9 23 9 24
26 34 25 34
3 27 2 27
36 35 35 35
5 34 5 35
36 28 37 28
2 19 2 20
24 25 24 26
3 14 3 15
2 15 2 14
11 16 12 16
25 7 25 6
29 8 28 8
33 13 32 13
30 1 29 1
12 16 13 16
12 15 12 16
32 6 33 6
16 8 16 7
0 27 0 28
19 25 20 25
31 28 31 27
29 23 30 23
36 1 36 0
30 29 31 29
8 16 7 16
18 11 19 11
5 25 5 26
38 0 38 1
17 2 16 2
1 9 1 10
24 1 23 1
23 15 23 14
28 8 28 7
19 26 18 26
0 2 0 3
14 10 13 10
26 7 26 8
11 9 10 9
6 12 6 13
34 36 34 35
0 3 0 4
13 18 14 18
14 8 15 8
34 7 34 8
7 28 6 28
6 25 6 24
13 10 12 10
13 16 14 16
29 14 28 14
6 38 5 38
7 26 6 26
36 6 37 6
20 3 19 3
36 9 35 9
37 38 37 37
11 21 12 21
37 37 37 36
36 16 35 16
36 33 37 33
36 14 35 14
36 32 36 33
36 37 37 37
37 10 36 10
155
3 11 2 11
6 11 3 11
6 13 6 11
5 13 6 13
3 15 3 11
3 17 3 15
2 17 3 17
2 20 2 17
0 20 2 20
0 24 0 20
0 25 0 24
9 15 3 15
9 17 9 15
11 17 9 17
11 18 11 17
9 20 9 17
9 22 9 20
8 22 9 22
11 22 9 22
8 27 8 22
3 5 3 11
2 27 2 20
14 13 6 13
14 11 14 13
19 13 14 13
19 11 19 13
19 10 19 11
19 8 19 10
19 6 19 8
19 16 19 13
23 10 19 10
24 10 23 10
24 12 24 10
19 20 19 16
19 22 19 20
16 20 19 20
23 20 19 20
26 20 23 20
26 18 26 20
27 18 26 18
26 15 26 18
26 24 26 20
29 24 26 24
31 15 26 15
34 15 31 15
34 12 34 15
34 8 34 12
34 6 34 8
33 6 34 6
34 2 34 6
33 2 34 2
36 2 34 2
33 0 33 2
36 0 36 2
30 2 33 2
31 20 31 15
31 25 31 20
31 27 31 25
31 29 31 27
36 25 31 25
36 23 36 25
37 23 36 23
16 25 16 20
9 11 14 11
9 8 9 11
11 8 9 8
24 4 24 10
26 4 24 4
26 8 26 4
36 17 36 23
38 17 36 17
16 32 16 25
18 32 16 32
20 32 18 32
20 35 20 32
31 10 24 10
27 32 20 32
11 0 11 8
36 10 36 2
22 2 30 2
31 38 31 29
36 38 31 38
21 27 31 27
21 29 21 27
11 34 11 22
11 37 11 34
7 34 11 34
6 34 7 34
6 32 6 34
6 31 6 32
7 31 6 31
4 37 11 37
19 37 11 37
13 14 12 14
14 14 13 14
12 16 12 14
14 16 14 14
15 16 14 16
14 18 14 16
14 23 14 18
14 26 14 23
14 32 14 26
13 32 14 32
13 34 13 32
13 35 13 34
18 34 13 34
34 35 32 35
35 35 34 35
35 34 35 35
35 37 35 35
34 37 35 37
32 37 34 37
37 37 35 37
35 32 35 34
35 31 35 32
35 26 35 31
5 28 0 28
6 28 5 28
5 32 5 28
10 28 6 28
10 30 10 28
0 32 5 32
0 36 0 32
1 36 0 36
10 23 10 28
1 1 0 1
1 3 1 1
5 1 1 1
5 4 5 1
5 5 5 4
6 5 5 5
1 7 1 3
2 7 1 7
18 1 17 1
18 0 18 1
18 4 18 1
18 7 18 4
21 4 18 4
26 0 18 0
26 1 26 0
35 14 35 9
35 16 35 14
33 16 35 16
33 18 33 16
33 23 33 18
35 23 33 23
37 30 36 30
37 28 37 30
37 32 37 30
37 33 37 32
36 33 37 33
37 36 37 33
22 13 20 13
20 15 20 13
20 18 20 15
