88
24 11 25 11
26 23 27 23
28 24 27 24
25 14 25 13
26 14 25 14
27 14 26 14
6 4 7 4
28 3 28 2
1 22 1 23
2 25 2 24
26 21 27 21
11 28 10 28
27 13 27 12
7 4 7 5
0 12 1 12
14 25 14 24
20 15 20 14
0 2 0 3
16 18 17 18
3 20 4 20
15 27 16 27
20 17 19 17
9 5 9 6
24 5 23 5
20 4 20 3
3 13 2 13
2 14 3 14
11 21 11 20
12 13 11 13
2 24 3 24
21 15 22 15
27 21 27 20
12 1 11 1
7 27 8 27
1 18 1 19
1 23 2 23
23 20 23 21
24 20 23 20
15 25 16 25
10 26 10 25
3 15 2 15
21 14 22 14
21 13 21 14
19 17 19 16
15 14 14 14
3 14 4 14
21 2 22 2
5 5 4 5
13 3 12 3
6 22 5 22
23 21 24 21
1 4 0 4
4 6 4 7
25 10 25 9
12 10 13 10
13 9 13 8
26 16 26 15
13 26 13 27
23 23 24 23
23 11 24 11
11 20 11 19
1 7 2 7
17 11 16 11
25 11 25 10
25 24 26 24
25 9 24 9
10 20 10 19
20 6 20 5
26 8 26 9
20 16 20 17
8 2 7 2
18 6 19 6
7 6 7 7
2 13 2 12
23 20 23 19
8 20 7 20
20 19 21 19
7 2 7 1
20 17 20 18
9 9 9 10
4 8 4 9
17 18 17 19
3 1 2 1
9 24 8 24
20 7 20 6
9 6 9 7
20 18 21 18
18 18 17 18
111
2 1 2 0
4 1 2 1
7 1 4 1
4 5 4 1
4 7 4 5
2 7 4 7
4 9 4 7
4 10 4 9
6 9 4 9
7 5 4 5
7 7 7 5
9 7 7 7
10 7 9 7
10 6 10 7
10 4 10 6
9 4 10 4
9 10 9 7
10 10 9 10
9 12 9 10
9 15 9 12
10 15 9 15
10 14 10 15
11 15 10 15
13 15 11 15
10 19 10 15
11 19 10 19
11 1 7 1
11 0 11 1
11 2 11 1
2 12 2 7
1 12 2 12
2 15 2 12
2 16 2 15
5 16 2 16
2 19 2 16
1 19 2 19
8 16 5 16
8 17 8 16
13 10 13 15
13 8 13 10
14 8 13 8
12 8 13 8
19 10 13 10
20 10 19 10
19 6 19 10
19 5 19 6
20 6 19 6
19 4 19 5
20 5 19 5
18 4 19 4
23 5 20 5
18 1 18 4
18 0 18 1
23 2 23 5
25 2 23 2
28 2 25 2
20 14 20 10
21 14 20 14
21 12 21 14
17 14 20 14
21 18 21 14
21 19 21 18
23 18 21 18
23 19 23 18
25 19 23 19
25 20 25 19
26 19 25 19
27 19 26 19
27 20 27 19
27 23 27 20
28 23 27 23
28 25 28 23
25 12 21 12
25 13 25 12
25 14 25 13
25 10 25 12
25 8 25 10
17 19 21 19
17 18 17 19
5 22 5 16
5 26 5 22
3 26 5 26
3 24 3 26
8 26 5 26
8 27 8 26
9 27 8 27
8 24 8 26
14 24 8 24
21 26 21 19
23 26 21 26
15 26 21 26
15 28 15 26
13 28 15 28
12 28 13 28
1 27 8 27
27 12 27 19
28 12 27 12
28 10 28 12
12 22 5 22
15 11 14 11
16 11 15 11
16 12 16 11
14 14 14 11
16 16 16 12
19 16 16 16
19 15 19 16
14 22 14 14
13 22 14 22
14 23 14 22
20 23 14 23
20 24 20 23
