164
3 9 2 9
1 31 1 32
0 31 1 31
31 7 31 8
21 10 21 9
9 32 9 31
29 26 29 27
30 27 30 26
2 11 2 10
2 10 3 10
9 28 9 29
9 29 9 30
20 4 20 5
14 15 14 14
27 13 28 13
20 10 19 10
20 11 20 10
27 24 27 23
5 6 6 6
19 1 19 2
3 5 3 6
4 24 3 24
2 18 3 18
2 19 2 18
3 19 2 19
7 23 8 23
16 28 17 28
3 31 2 31
18 29 18 30
14 31 14 30
18 26 18 25
24 3 24 2
26 6 26 7
7 32 7 31
16 31 17 31
13 6 13 5
22 0 22 1
13 7 13 6
1 25 1 24
22 1 21 1
7 10 7 11
26 25 26 24
16 12 16 11
16 8 16 9
32 17 32 16
0 15 0 14
6 22 5 22
5 19 5 20
5 22 4 22
2 19 2 20
14 24 15 24
20 23 19 23
17 1 18 1
1 29 1 28
23 30 23 31
9 31 10 31
29 19 28 19
3 8 3 9
27 6 28 6
28 19 28 20
15 10 16 10
20 8 21 8
11 30 11 31
8 0 8 1
7 0 7 1
15 2 15 3
25 31 24 31
4 17 4 18
20 18 20 17
19 18 20 18
29 31 29 30
31 8 30 8
6 19 6 18
28 7 29 7
0 14 1 14
18 25 19 25
1 8 2 8
13 1 13 2
20 10 21 10
30 25 29 25
16 1 16 2
15 28 14 28
14 18 14 17
7 15 6 15
3 21 3 22
14 17 15 17
10 20 10 21
11 20 10 20
7 24 7 23
22 7 23 7
30 0 30 1
15 24 15 25
7 31 8 31
1 23 0 23
15 15 16 15
14 25 13 25
17 10 18 10
30 23 31 23
12 12 11 12
20 16 20 15
25 15 24 15
22 18 22 19
21 18 21 17
29 12 30 12
9 18 8 18
12 22 11 22
17 9 17 10
22 19 21 19
22 31 22 32
15 20 16 20
31 22 30 22
13 20 13 19
18 0 19 0
26 9 25 9
25 13 25 12
22 16 22 17
27 9 27 10
28 9 28 8
5 9 4 9
19 11 18 11
25 12 24 12
22 29 22 28
19 15 18 15
14 4 13 4
17 15 17 16
16 15 17 15
16 16 16 15
30 24 31 24
10 23 10 22
25 11 24 11
30 30 30 29
21 24 21 23
16 6 16 5
0 10 1 10
18 21 17 21
7 23 7 22
27 26 28 26
25 9 24 9
25 20 25 19
31 23 31 22
10 4 11 4
9 16 8 16
4 26 4 27
8 29 9 29
32 2 32 1
2 1 1 1
15 17 16 17
16 20 16 19
21 17 21 16
12 11 12 10
24 28 25 28
3 10 4 10
22 17 21 17
4 25 4 26
17 0 16 0
4 20 3 20
11 28 10 28
7 11 8 11
13 26 13 27
3 9 3 10
12 27 12 26
0 8 0 7
0 7 1 7
8 4 8 3
135
5 5 5 4
10 5 5 5
11 5 10 5
11 4 11 5
13 5 11 5
13 4 13 5
13 6 13 5
13 8 13 6
12 8 13 8
11 2 11 4
12 10 12 8
10 8 12 8
13 2 11 2
13 0 13 2
16 2 13 2
16 0 16 2
19 2 16 2
19 0 19 2
16 10 12 10
17 10 16 10
16 9 16 10
16 11 16 10
18 10 17 10
18 11 18 10
18 6 18 10
16 15 16 11
17 15 16 15
18 15 17 15
16 17 16 15
20 15 18 15
16 19 16 17
20 17 20 15
18 19 16 19
12 17 16 17
24 15 20 15
24 12 24 15
24 11 24 12
26 12 24 12
26 11 26 12
24 9 24 11
24 8 24 9
22 8 24 8
21 8 22 8
24 18 24 15
22 4 22 8
28 8 24 8
28 6 28 8
30 8 28 8
30 12 26 12
5 10 5 5
16 24 16 19
16 26 16 24
24 2 19 2
25 2 24 2
31 2 25 2
9 15 16 15
30 19 30 12
27 19 30 19
30 22 30 19
31 22 30 22
31 24 31 22
31 27 31 24
32 27 31 27
29 27 31 27
29 30 29 27
29 32 29 30
26 30 29 30
22 30 26 30
22 32 22 30
18 30 22 30
17 30 18 30
17 31 17 30
17 28 17 30
17 27 17 28
18 27 17 27
26 24 31 24
11 31 17 31
10 31 11 31
10 28 10 31
7 28 10 28
7 26 7 28
7 25 7 26
4 26 7 26
7 22 7 25
7 21 7 22
10 22 7 22
4 22 7 22
4 19 4 22
1 19 4 19
0 19 1 19
0 23 0 19
0 26 0 23
0 32 0 26
22 22 30 22
2 2 11 2
2 8 2 2
2 9 2 8
2 12 2 9
2 17 2 12
3 16 3 15
5 15 3 15
3 18 3 16
2 18 3 18
1 18 2 18
5 13 5 15
5 12 5 13
5 11 5 12
6 11 5 11
8 11 6 11
8 9 8 11
11 11 8 11
11 12 11 11
11 14 11 12
10 14 11 14
8 16 8 11
8 18 8 16
6 6 6 11
5 20 5 15
21 17 21 16
21 19 21 17
23 17 21 17
19 19 21 19
25 19 21 19
26 19 25 19
26 17 26 19
26 16 26 17
26 15 26 16
28 17 26 17
19 23 19 19
17 23 19 23
19 25 19 23
21 23 19 23
19 29 19 25
28 13 28 17
10 19 10 18
