296
5 3 5 2
13 22 14 22
28 14 27 14
25 9 24 9
7 14 6 14
2 8 2 7
5 19 6 19
2 19 2 20
2 18 2 19
1 2 1 1
5 4 5 3
31 6 30 6
30 21 29 21
1 11 1 12
32 11 31 11
31 10 32 10
25 27 25 26
32 19 31 19
1 8 0 8
1 31 0 31
2 28 2 27
0 6 1 6
21 9 20 9
2 25 3 25
3 13 2 13
32 17 31 17
28 29 27 29
3 25 4 25
11 22 11 21
30 13 29 13
30 14 30 13
30 13 31 13
0 23 0 24
27 8 28 8
27 9 27 8
26 9 27 9
26 8 26 9
5 26 6 26
17 32 17 31
32 6 31 6
25 26 25 25
26 26 25 26
27 24 26 24
5 25 5 26
29 28 28 28
29 29 29 28
22 21 22 20
26 29 26 30
29 6 29 5
22 2 22 3
25 26 25 27
31 23 30 23
9 0 8 0
9 1 9 0
8 1 9 1
26 24 26 23
26 25 26 24
6 28 6 27
5 28 6 28
5 27 5 28
4 27 5 27
5 26 4 26
5 28 4 28
18 0 18 1
1 5 2 5
1 6 1 5
1 32 1 31
1 3 0 3
4 6 3 6
4 5 4 6
15 31 15 30
14 30 14 31
26 11 26 12
24 31 23 31
21 14 20 14
8 32 9 32
21 31 21 30
6 25 7 25
4 12 5 12
4 13 4 12
4 1 3 1
4 19 5 19
0 31 0 30
6 26 7 26
22 14 21 14
8 4 8 5
20 4 20 3
7 9 8 9
6 2 7 2
12 12 11 12
16 29 16 30
18 30 18 29
4 15 5 15
4 11 3 11
7 12 7 11
18 13 18 12
17 23 17 22
11 21 11 20
17 2 17 3
17 3 16 3
18 1 17 1
10 23 11 23
11 23 12 23
13 9 14 9
5 7 5 8
8 6 8 7
10 15 10 16
8 15 7 15
7 15 7 16
16 13 16 14
12 24 11 24
12 1 13 1
22 8 22 9
12 0 13 0
11 0 12 0
14 23 14 24
14 22 14 23
11 1 11 0
10 21 11 21
11 28 11 29
17 27 17 28
5 10 5 11
6 18 7 18
21 8 22 8
9 0 10 0
9 1 9 0
15 0 14 0
16 12 16 13
15 28 16 28
5 1 4 1
6 28 7 28
24 14 23 14
23 14 23 15
23 16 23 17
24 16 23 16
6 21 7 21
27 14 27 13
32 14 31 14
31 14 30 14
24 17 24 18
24 15 24 14
29 0 29 1
14 29 13 29
19 8 19 9
15 30 14 30
26 6 27 6
26 7 26 6
29 23 28 23
18 11 18 10
13 31 13 30
18 18 17 18
10 27 11 27
10 26 10 27
10 1 11 1
12 18 12 19
24 25 23 25
22 20 23 20
8 5 9 5
14 17 14 16
12 32 11 32
23 15 24 15
16 20 16 19
22 24 22 25
20 18 20 17
16 13 15 13
16 6 16 5
29 26 30 26
10 13 10 12
23 7 23 6
31 11 31 10
10 12 10 11
11 12 11 13
10 9 11 9
9 32 9 31
11 15 12 15
20 9 20 8
15 5 15 6
14 5 15 5
11 10 10 10
11 11 11 10
11 13 10 13
17 25 17 26
1 27 1 28
27 23 27 22
6 14 6 15
12 19 13 19
13 18 12 18
28 16 27 16
11 17 11 18
21 4 20 4
20 3 21 3
5 32 4 32
21 23 22 23
10 25 10 26
24 20 24 21
12 17 13 17
5 16 5 17
11 9 11 8
31 17 31 16
0 27 1 27
27 8 26 8
27 9 27 8
26 9 27 9
20 27 19 27
8 9 8 10
9 10 9 9
25 25 25 26
11 24 11 23
20 25 20 26
9 25 9 24
19 9 20 9
20 8 19 8
9 15 10 15
25 1 25 0
26 1 25 1
13 2 13 3
10 11 11 11
11 14 11 13
23 25 23 26
10 31 11 31
9 24 10 24
19 27 18 27
15 2 16 2
16 3 15 3
23 4 24 4
30 4 31 4
31 13 31 14
8 18 8 19
10 16 11 16
11 31 11 30
32 30 31 30
4 31 3 31
5 12 6 12
32 21 32 20
17 22 16 22
20 14 19 14
27 17 27 18
23 13 24 13
28 19 29 19
18 10 18 9
32 10 32 11
24 21 25 21
20 19 20 20
22 25 22 26
13 5 13 4
17 18 17 19
16 18 17 18
16 19 16 18
17 19 16 19
17 18 17 19
16 18 17 18
16 19 16 18
17 19 16 19
17 18 17 19
16 18 17 18
16 19 16 18
17 19 16 19
17 18 17 19
16 18 17 18
16 19 16 18
17 19 16 19
17 18 17 19
16 18 17 18
16 19 16 18
17 19 16 19
17 18 17 19
16 18 17 18
16 19 16 18
17 19 16 19
17 18 17 19
16 18 17 18
16 19 16 18
17 19 16 19
17 18 17 19
16 18 17 18
16 19 16 18
17 19 16 19
17 18 17 19
16 18 17 18
16 19 16 18
17 19 16 19
17 18 17 19
16 18 17 18
16 19 16 18
17 19 16 19
17 18 17 19
16 18 17 18
16 19 16 18
17 19 16 19
17 18 17 19
16 18 17 18
16 19 16 18
17 19 16 19
17 18 17 19
16 18 17 18
16 19 16 18
103
3 1 1 1
3 0 3 1
3 3 3 1
5 3 3 3
3 6 3 3
3 7 3 6
2 7 3 7
9 3 5 3
9 5 9 3
10 5 9 5
9 9 9 5
6 9 9 9
6 10 6 9
6 12 6 10
4 10 6 10
4 12 6 12
1 12 4 12
0 12 1 12
6 15 6 12
5 15 6 15
5 17 5 15
3 15 5 15
5 19 5 17
12 9 9 9
10 15 6 15
12 15 10 15
13 15 12 15
13 17 13 15
13 19 13 17
14 19 13 19
11 19 13 19
10 19 11 19
14 23 14 19
5 24 5 19
5 27 5 24
6 27 5 27
2 27 5 27
10 24 10 19
10 26 10 24
9 26 10 26
2 22 2 27
2 21 2 22
9 31 9 26
14 31 9 31
17 31 14 31
18 31 17 31
17 28 17 31
16 28 17 28
17 26 17 28
16 26 17 26
20 28 17 28
20 26 20 28
22 26 20 26
23 26 22 26
25 26 23 26
22 23 22 26
23 31 18 31
25 31 23 31
25 32 25 31
27 32 25 32
30 26 25 26
30 23 30 26
32 23 30 23
32 20 32 23
28 20 32 20
28 21 28 20
28 17 28 20
30 17 28 17
25 20 28 20
25 21 25 20
17 21 17 26
32 15 32 20
32 13 32 15
32 11 32 13
23 17 28 17
22 17 23 17
23 16 23 17
25 11 32 11
25 7 25 11
25 1 25 7
29 1 25 1
31 1 29 1
29 4 29 1
27 4 29 4
31 4 29 4
31 6 31 4
31 7 31 6
12 2 12 9
12 0 12 2
16 2 12 2
16 5 16 2
19 2 16 2
19 5 16 5
19 8 19 5
22 5 19 5
19 14 19 8
16 14 19 14
16 11 16 14
13 4 13 3
13 6 13 4
15 6 13 6
15 8 15 6
14 8 15 8
