324
16 2 16 3
16 3 15 3
13 5 13 4
13 6 13 5
13 7 13 6
13 2 12 2
13 1 13 2
11 1 11 0
9 7 10 7
9 6 9 7
8 8 7 8
8 7 8 8
10 0 9 0
10 1 10 0
7 2 7 1
11 2 11 1
10 2 11 2
8 8 8 9
9 8 8 8
9 9 9 8
2 9 1 9
5 8 6 8
6 11 5 11
5 10 5 9
3 10 4 10
3 9 3 10
6 12 5 12
6 5 6 4
5 5 6 5
5 6 6 6
9 7 8 7
6 13 6 12
5 13 6 13
5 12 5 13
3 3 3 4
4 3 3 3
4 4 4 3
6 12 6 11
6 13 6 12
10 6 9 6
10 7 9 7
13 5 14 5
6 18 6 19
6 17 6 18
2 15 2 16
3 15 2 15
12 4 12 5
12 3 12 4
18 3 17 3
18 2 18 3
18 1 18 2
17 1 18 1
8 2 7 2
11 1 10 1
22 18 22 19
22 17 22 18
23 17 22 17
23 16 23 17
4 15 4 16
3 16 3 15
4 16 3 16
23 15 23 16
22 15 23 15
6 16 6 17
5 16 6 16
5 17 5 16
5 18 5 17
13 16 12 16
6 18 5 18
6 17 6 18
11 17 11 16
13 15 13 16
12 15 13 15
12 16 12 15
14 18 14 17
13 18 14 18
13 17 13 18
12 11 11 11
12 10 12 11
13 10 12 10
16 10 16 11
17 11 17 10
16 11 17 11
19 12 19 11
16 12 16 11
19 13 19 12
18 13 19 13
18 12 18 13
19 16 19 17
19 15 19 16
13 11 13 10
12 11 13 11
12 10 12 11
21 11 21 10
21 12 21 11
22 12 21 12
19 22 19 23
4 20 4 21
18 22 19 22
4 19 4 20
3 19 4 19
3 20 3 19
3 21 3 20
11 20 11 19
8 22 7 22
10 20 10 21
9 22 8 22
9 21 9 22
9 20 9 21
10 19 10 20
2 21 3 21
1 21 2 21
20 15 19 15
21 15 20 15
21 16 21 15
15 19 16 19
15 18 15 19
14 18 15 18
14 19 14 18
11 21 11 20
12 21 11 21
12 20 12 21
13 20 12 20
9 19 10 19
22 16 21 16
22 17 22 16
21 17 22 17
15 13 15 14
14 13 15 13
13 23 14 23
13 13 14 13
15 13 16 13
12 23 13 23
6 20 6 21
1 10 1 11
2 10 1 10
3 10 2 10
3 11 3 10
18 20 18 19
19 20 18 20
19 19 19 20
3 12 3 11
2 12 3 12
2 11 2 12
16 19 16 18
23 13 22 13
14 13 15 13
14 14 14 13
15 14 14 14
20 9 19 9
20 8 20 9
19 8 20 8
17 19 16 19
17 18 17 19
16 18 17 18
4 14 4 15
3 14 4 14
3 13 3 14
5 20 6 20
5 19 5 20
5 21 5 22
16 19 16 18
4 21 5 21
4 20 4 21
5 20 4 20
17 19 16 19
17 20 17 19
11 10 12 10
11 11 11 10
12 11 11 11
4 0 5 0
4 1 4 0
9 14 9 15
8 14 9 14
8 15 8 14
22 9 22 8
21 9 22 9
21 8 21 9
9 15 8 15
9 16 9 15
8 16 9 16
19 12 18 12
19 13 19 12
20 13 19 13
18 8 19 8
18 7 18 8
19 7 18 7
19 6 19 7
20 6 19 6
20 7 20 6
5 1 4 1
22 11 22 12
7 19 7 18
6 19 7 19
6 20 6 19
7 20 6 20
3 1 3 2
22 2 22 1
21 2 22 2
21 1 21 2
22 10 22 11
23 10 22 10
0 14 0 15
1 14 0 14
1 15 1 14
0 15 1 15
17 21 17 20
16 21 17 21
15 13 15 14
14 2 14 3
12 12 12 11
11 12 12 12
11 11 11 12
13 2 14 2
13 3 13 2
14 3 13 3
3 4 4 4
3 5 3 4
4 5 3 5
4 6 4 5
3 6 4 6
15 21 16 21
15 22 15 21
16 22 15 22
17 22 16 22
17 23 17 22
8 3 8 2
7 3 8 3
2 6 3 6
2 7 2 6
1 7 2 7
16 9 16 10
5 7 5 6
4 7 5 7
4 6 4 7
5 6 5 5
14 10 15 10
15 9 16 9
15 10 15 9
20 14 20 13
19 14 20 14
19 13 19 14
18 13 19 13
18 14 18 13
19 14 18 14
19 13 19 14
20 13 19 13
20 14 20 13
2 13 3 13
2 14 2 13
3 14 2 14
20 1 21 1
20 2 20 1
21 2 20 2
4 14 3 14
21 3 21 2
21 4 21 3
22 4 21 4
22 3 22 4
5 2 5 1
5 3 5 2
4 3 5 3
4 2 4 3
2 1 3 1
2 2 2 1
1 2 2 2
1 1 1 2
8 15 8 16
7 15 8 15
6 15 7 15
6 14 6 15
7 14 6 14
7 15 7 14
21 15 22 15
21 16 21 15
22 16 21 16
22 15 22 16
21 14 20 14
21 13 21 14
20 13 21 13
20 12 20 13
20 11 20 12
21 11 20 11
9 4 9 5
10 4 9 4
10 5 10 4
12 2 12 3
21 15 22 15
21 14 21 15
22 14 21 14
7 4 7 3
10 13 9 13
10 12 10 13
7 16 7 15
22 13 22 14
22 11 21 11
8 4 7 4
8 5 8 4
13 8 13 7
12 8 13 8
12 7 12 8
14 2 14 3
15 2 14 2
15 3 15 2
23 12 23 13
15 4 15 3
14 4 15 4
14 3 14 4
12 13 13 13
12 14 12 13
11 14 12 14
11 13 11 14
14 2 14 3
13 2 14 2
13 3 13 2
13 4 13 3
8 6 8 5
9 6 8 6
9 7 9 6
8 7 9 7
8 6 8 7
8 5 8 6
9 5 8 5
9 6 9 5
175
8 1 7 1
8 2 8 1
9 1 8 1
10 1 9 1
12 1 10 1
12 0 12 1
14 1 12 1
14 0 14 1
15 1 14 1
15 0 14 0
16 1 15 1
10 3 10 1
10 4 10 3
9 4 10 4
16 4 16 1
17 4 16 4
18 4 17 4
10 8 10 4
10 9 10 8
8 9 10 9
5 9 8 9
4 9 5 9
5 11 5 9
5 7 5 9
5 13 5 11
4 13 5 13
3 13 4 13
4 15 4 13
5 5 5 7
5 4 5 5
4 4 5 4
6 4 5 4
4 17 4 15
5 17 4 17
7 13 5 13
8 13 7 13
7 17 5 17
7 15 7 17
9 17 7 17
1 9 4 9
1 8 1 9
1 6 1 8
12 17 9 17
12 15 12 17
11 15 12 15
14 17 12 17
9 21 9 17
8 21 9 21
11 3 11 2
13 2 11 2
14 2 13 2
13 3 13 2
15 2 14 2
14 3 14 2
13 6 13 3
12 6 13 6
13 7 13 6
11 6 12 6
13 8 13 7
11 7 11 6
13 10 13 8
12 10 13 10
12 11 12 10
10 11 12 11
16 10 13 10
16 11 16 10
16 13 16 11
14 13 16 13
13 13 14 13
22 14 21 14
21 15 21 14
22 15 22 14
21 16 21 15
20 16 21 16
19 16 20 16
18 16 19 16
21 18 21 16
21 19 21 18
20 19 21 19
22 12 22 14
18 19 20 19
18 18 18 19
18 20 18 19
18 21 18 20
18 23 18 21
19 23 18 23
20 23 19 23
15 23 18 23
1 17 0 17
0 20 0 17
0 21 0 20
2 21 0 21
3 21 2 21
4 21 3 21
4 22 4 21
5 21 4 21
5 18 5 21
6 18 5 18
7 18 6 18
7 19 7 18
8 18 7 18
13 19 13 18
15 19 13 19
15 20 15 19
16 20 15 20
17 20 16 20
13 21 13 19
13 22 13 21
13 23 13 22
20 10 20 9
20 11 20 10
21 11 20 11
19 11 20 11
23 11 21 11
23 13 23 11
23 14 23 13
23 15 23 14
15 15 15 14
16 15 15 15
15 16 15 15
15 17 15 16
16 17 15 17
16 18 16 17
17 17 16 17
17 6 17 5
17 7 17 6
16 7 17 7
16 8 16 7
15 8 16 8
14 8 15 8
15 9 15 8
17 12 17 11
18 11 17 11
18 12 17 12
19 12 18 12
19 13 19 12
20 13 19 13
8 14 7 14
9 14 8 14
9 13 9 14
10 14 9 14
10 13 9 13
12 13 10 13
0 12 0 11
1 11 0 11
1 10 1 11
3 11 1 11
4 11 3 11
2 5 1 5
3 5 2 5
3 6 3 5
3 7 3 6
2 7 3 7
7 5 6 5
7 4 7 5
7 6 7 5
8 4 7 4
8 3 8 4
2 19 1 19
1 20 1 19
2 18 2 19
3 19 2 19
21 7 19 7
21 9 21 7
22 9 21 9
22 10 22 9
4 0 3 0
3 1 3 0
4 1 4 0
4 3 4 1
11 20 10 20
11 21 11 20
11 22 11 21
12 21 11 21
15 4 14 4
