87
0 0 1 0
2 3 2 2
3 3 2 3
2 2 1 2
2 3 2 2
22 6 21 6
17 16 16 16
23 23 22 23
5 3 5 2
7 23 7 22
11 22 11 23
10 22 11 22
21 13 22 13
3 21 3 20
10 7 11 7
4 13 4 12
6 15 6 14
11 1 11 0
21 6 21 7
3 20 4 20
17 17 17 16
16 7 15 7
20 4 21 4
3 22 2 22
21 10 21 9
5 4 6 4
19 5 18 5
1 15 1 14
6 7 7 7
7 21 6 21
21 18 20 18
19 13 20 13
13 11 12 11
19 20 20 20
19 19 19 20
23 18 23 19
12 9 11 9
11 10 12 10
22 5 22 6
13 10 14 10
18 5 18 6
1 14 2 14
15 17 14 17
4 14 5 14
22 0 21 0
20 2 20 1
22 13 22 14
2 16 2 17
11 22 12 22
9 9 10 9
8 9 7 9
2 21 3 21
4 12 5 12
23 1 22 1
6 17 5 17
11 4 12 4
15 19 16 19
16 13 16 14
22 21 21 21
12 4 12 3
4 18 4 17
11 5 11 6
12 11 12 12
12 20 12 19
12 5 12 4
18 20 18 19
17 20 18 20
10 4 11 4
18 6 18 7
20 9 20 10
8 20 8 19
13 21 13 20
10 12 11 12
17 13 17 14
18 8 18 9
11 23 11 22
3 14 4 14
9 11 9 10
3 13 3 14
17 0 18 0
7 15 8 15
20 13 21 13
16 4 16 3
13 22 13 23
7 12 7 11
11 12 11 13
10 11 11 11
112
1 2 1 0
2 2 1 2
1 5 1 2
0 5 1 5
0 6 0 5
5 2 2 2
5 7 5 2
4 7 5 7
7 7 5 7
7 6 7 7
7 9 7 7
7 11 7 9
7 13 7 11
7 14 7 13
6 14 7 14
5 14 6 14
4 14 5 14
5 13 5 14
3 14 4 14
2 14 3 14
0 14 2 14
4 11 7 11
3 11 4 11
2 11 3 11
2 17 2 14
4 17 2 17
5 17 4 17
4 20 4 17
4 22 4 20
5 22 4 22
2 22 4 22
2 23 2 22
1 23 2 23
7 22 5 22
0 22 2 22
7 20 7 22
7 19 7 20
8 19 7 19
10 9 7 9
11 9 10 9
11 11 11 9
11 13 11 11
11 14 11 13
14 11 11 11
14 10 14 11
14 9 14 10
15 9 14 9
16 11 14 11
14 13 14 11
15 7 15 9
15 6 15 7
18 9 15 9
18 7 18 9
21 9 18 9
21 8 21 9
21 7 21 8
21 4 21 7
23 4 21 4
23 3 23 4
23 0 23 3
21 0 23 0
18 0 21 0
21 13 21 9
21 16 21 13
20 16 21 16
19 16 20 16
23 16 21 16
23 14 23 16
18 13 21 13
21 19 21 16
23 19 21 19
21 21 21 19
23 21 23 19
18 19 21 19
18 20 18 19
16 19 18 19
18 17 18 19
14 19 16 19
14 20 14 19
13 19 14 19
13 20 14 20
12 19 13 19
16 17 16 19
16 16 16 17
14 17 14 19
12 22 12 19
11 22 12 22
12 23 12 22
13 23 12 23
15 23 13 23
9 17 5 17
11 6 7 6
12 6 11 6
13 6 12 6
11 4 11 6
12 4 11 4
11 2 11 4
11 0 11 2
0 9 0 14
8 15 3 15
9 15 8 15
10 15 9 15
10 13 10 15
9 10 9 15
10 21 10 15
9 21 10 21
9 20 9 21
10 23 10 21
5 23 10 23
16 15 10 15
16 14 16 15
17 14 16 14
