270
12 22 12 23
11 22 12 22
9 11 8 11
1 3 1 4
17 4 17 5
11 2 10 2
11 3 11 2
2 26 3 26
9 19 10 19
9 20 9 19
3 5 4 5
3 21 2 21
2 25 2 26
12 3 11 3
12 2 13 2
13 3 12 3
2 26 1 26
19 13 19 14
4 6 4 7
26 2 27 2
8 7 9 7
6 25 6 26
5 26 5 25
7 8 6 8
2 27 2 26
3 27 2 27
3 26 3 27
23 14 24 14
8 23 7 23
20 12 19 12
6 2 7 2
9 7 9 6
9 23 8 23
5 1 4 1
8 23 8 24
5 0 5 1
4 1 4 0
1 15 1 16
7 9 7 8
24 13 23 13
13 26 12 26
6 22 6 23
7 22 6 22
7 23 7 22
8 11 8 10
1 16 1 17
4 7 3 7
20 3 20 4
8 20 9 20
7 17 7 18
21 24 22 24
7 25 6 25
22 25 22 26
22 26 23 26
0 0 0 1
1 1 1 0
25 3 25 4
2 20 2 19
3 20 2 20
25 1 26 1
12 26 12 27
2 24 1 24
10 1 11 1
10 2 10 1
6 1 6 2
22 10 21 10
10 23 9 23
1 18 0 18
0 10 0 11
6 24 5 24
13 17 13 18
7 27 6 27
7 26 7 27
6 26 7 26
23 10 22 10
23 25 22 25
1 8 2 8
1 9 1 8
0 9 1 9
2 26 3 26
14 21 15 21
1 10 0 10
2 13 2 14
27 10 27 9
26 10 27 10
17 23 17 24
19 3 20 3
19 2 19 3
24 3 25 3
14 11 15 11
14 8 15 8
25 4 25 5
25 5 26 5
15 8 15 7
16 1 15 1
17 1 16 1
16 2 17 2
17 2 17 1
20 25 20 24
14 4 13 4
24 8 23 8
23 9 23 10
24 10 24 9
23 8 23 9
19 12 19 13
8 12 7 12
7 11 8 11
23 4 24 4
22 2 23 2
23 17 24 17
24 9 24 8
15 15 16 15
25 9 26 9
26 9 26 10
15 7 15 6
16 8 16 7
26 17 25 17
21 23 21 24
22 21 23 21
23 22 23 23
22 22 23 22
23 21 24 21
2 19 1 19
21 2 22 2
20 13 20 14
22 3 21 3
11 18 11 19
21 15 21 16
27 21 27 20
24 12 24 13
12 15 13 15
24 25 23 25
27 20 26 20
27 17 26 17
27 26 27 25
18 9 18 10
17 7 17 8
16 7 17 7
24 24 25 24
17 8 16 8
2 20 2 19
16 10 16 9
13 4 13 5
12 4 13 4
2 21 2 20
5 9 4 9
13 4 14 4
3 3 3 2
5 3 4 3
12 6 13 6
26 19 27 19
2 14 1 14
6 5 6 4
1 13 1 12
2 11 2 10
19 4 18 4
1 12 2 12
2 18 3 18
17 24 18 24
10 11 9 11
16 13 15 13
14 1 13 1
2 19 2 18
27 22 27 21
26 22 27 22
26 21 26 22
20 15 21 15
17 18 16 18
4 19 3 19
15 20 16 20
9 10 9 9
20 14 20 15
19 8 20 8
20 26 19 26
23 13 23 14
24 13 23 13
24 14 24 13
19 14 18 14
7 19 8 19
21 17 21 18
16 14 17 14
16 15 16 14
0 16 1 16
18 4 17 4
18 5 18 4
26 14 27 14
25 14 26 14
15 1 15 2
20 8 21 8
3 19 3 20
2 9 3 9
2 10 2 9
15 17 14 17
8 13 9 13
15 16 15 15
16 16 15 16
17 20 17 19
16 20 17 20
18 6 17 6
14 27 15 27
14 26 14 27
15 25 16 25
24 11 24 12
25 11 24 11
25 12 25 11
2 20 2 19
15 26 14 26
25 18 26 18
16 23 15 23
24 11 24 10
14 4 15 4
8 16 7 16
3 9 3 8
7 16 6 16
3 18 3 17
19 19 19 20
13 10 13 9
15 4 15 3
16 4 15 4
12 25 12 24
17 4 16 4
16 3 16 2
19 6 18 6
11 20 11 21
6 13 6 14
12 12 12 13
21 27 20 27
21 26 21 27
12 5 12 4
24 4 24 5
21 16 22 16
12 23 11 23
20 7 19 7
5 10 5 9
4 10 5 10
4 9 4 10
22 19 22 18
9 26 10 26
27 13 27 12
5 10 5 11
21 19 22 19
20 19 20 18
21 18 21 19
17 6 16 6
22 18 21 18
6 11 6 10
5 11 6 11
14 6 14 5
23 18 22 18
11 12 11 11
18 15 19 15
26 6 25 6
15 11 15 12
19 11 19 12
18 11 19 11
18 12 18 11
20 16 21 16
12 10 12 11
15 16 15 17
14 16 15 16
14 17 14 16
11 10 12 10
11 11 11 10
12 11 11 11
12 10 12 11
11 10 12 10
11 11 11 10
12 11 11 11
12 10 12 11
11 10 12 10
129
4 3 0 3
4 5 4 3
2 5 4 5
4 10 4 5
4 11 4 10
4 12 4 11
4 13 4 12
3 13 4 13
4 15 4 13
6 11 4 11
6 10 6 11
8 11 6 11
9 11 8 11
4 17 4 15
3 17 4 17
11 11 9 11
12 11 11 11
12 10 12 11
11 13 11 11
12 13 11 13
14 13 12 13
14 15 14 13
14 16 14 15
15 15 14 15
15 16 14 16
7 15 4 15
8 15 7 15
8 17 8 15
9 17 8 17
0 13 3 13
3 20 3 17
0 15 4 15
0 10 4 10
0 8 0 10
19 15 15 15
20 15 19 15
19 16 19 15
21 15 20 15
21 16 21 15
21 18 21 16
21 19 21 18
22 18 21 18
22 19 21 19
22 20 22 19
19 20 22 20
19 22 19 20
17 20 19 20
17 19 17 20
17 22 19 22
22 24 22 20
22 25 22 24
22 27 22 25
25 24 22 24
26 24 25 24
26 22 26 24
27 22 26 22
17 26 17 22
14 26 17 26
14 27 14 26
11 26 14 26
11 25 11 26
20 10 20 15
21 10 20 10
21 8 21 10
21 6 21 8
24 8 21 8
26 8 24 8
26 10 26 8
26 11 26 10
25 11 26 11
24 5 24 8
22 5 24 5
26 5 24 5
26 4 26 5
27 4 26 4
26 1 26 4
24 1 26 1
23 1 24 1
25 15 25 11
26 15 25 15
3 25 3 20
3 26 3 25
1 25 3 25
7 26 3 26
7 27 7 26
7 22 7 26
9 20 3 20
17 1 23 1
17 3 17 1
17 5 17 3
19 3 17 3
19 5 17 5
14 5 17 5
12 4 12 10
11 4 12 4
12 3 12 4
11 3 11 4
12 1 12 3
4 0 3 0
4 2 4 0
5 2 4 2
6 2 5 2
6 3 6 2
7 3 6 3
8 3 7 3
7 4 7 3
9 3 8 3
7 5 7 4
10 3 9 3
8 4 8 3
7 7 7 5
6 7 7 7
6 8 6 7
6 9 6 8
10 7 7 7
11 7 10 7
11 5 11 7
10 16 9 16
11 16 10 16
11 17 11 16
12 17 11 17
12 22 12 17
10 22 12 22
8 22 10 22
8 21 8 22
8 24 8 22
8 26 8 24
10 26 8 26
15 22 12 22
