347
9 15 10 15
24 29 24 28
29 22 30 22
24 28 25 28
14 40 14 41
35 36 36 36
11 37 12 37
30 22 30 23
22 43 22 42
6 8 6 9
4 17 5 17
23 31 23 32
36 36 36 37
29 33 30 33
33 29 33 30
26 6 26 5
8 18 7 18
5 38 5 37
1 37 1 36
36 37 37 37
20 13 21 13
20 12 20 13
21 12 20 12
26 43 25 43
20 12 19 12
8 9 8 8
2 40 3 40
40 33 39 33
33 12 33 13
15 37 14 37
3 27 2 27
9 18 10 18
26 5 25 5
38 2 38 1
9 19 9 18
2 27 1 27
25 0 25 1
34 12 33 12
10 40 9 40
40 28 39 28
22 4 22 5
42 34 42 33
20 43 19 43
16 1 16 0
35 35 35 36
30 7 31 7
31 8 30 8
36 6 35 6
43 34 43 35
18 9 17 9
38 18 39 18
21 8 20 8
39 11 38 11
23 22 22 22
30 33 30 32
25 13 25 14
28 16 28 17
17 1 16 1
16 0 17 0
42 35 42 36
22 29 21 29
22 2 22 1
28 18 28 19
9 33 10 33
4 36 3 36
37 9 38 9
7 40 7 39
14 37 14 36
39 19 40 19
1 8 0 8
19 21 20 21
30 23 31 23
10 41 11 41
27 37 27 36
11 41 11 40
42 13 43 13
18 38 18 37
5 40 5 41
9 40 9 41
3 40 3 39
2 35 2 34
1 40 2 40
21 22 21 23
24 33 24 34
40 14 40 13
12 0 12 1
43 14 42 14
12 1 12 2
7 0 7 1
16 44 16 43
5 20 5 21
19 43 19 44
23 10 22 10
40 13 41 13
9 21 9 22
38 12 37 12
38 13 38 12
5 41 4 41
9 22 10 22
22 15 23 15
24 18 24 17
3 43 3 44
38 11 37 11
38 12 38 11
14 24 13 24
13 24 12 24
7 37 6 37
18 19 18 20
32 11 32 12
33 11 32 11
33 12 33 11
3 36 3 37
3 13 4 13
18 20 19 20
31 35 31 36
4 13 5 13
21 32 22 32
15 29 15 30
34 15 35 15
37 27 36 27
13 23 12 23
13 22 13 23
13 23 14 23
22 32 22 33
15 9 15 8
21 29 20 29
21 31 20 31
14 8 14 7
42 1 42 2
29 23 29 24
41 43 40 43
2 34 1 34
42 8 41 8
11 11 10 11
13 8 13 9
24 17 24 16
44 1 44 2
41 9 41 10
16 12 17 12
43 10 43 9
12 24 12 25
37 7 37 8
0 10 0 9
18 2 17 2
0 37 1 37
17 2 17 3
18 3 18 2
0 11 0 10
0 18 1 18
14 21 13 21
37 22 37 21
14 3 15 3
35 40 35 39
25 14 26 14
42 42 41 42
16 1 15 1
27 27 28 27
29 25 29 26
28 24 28 25
31 24 32 24
42 44 42 43
15 11 15 12
3 11 3 12
36 34 36 33
7 39 7 38
8 11 8 10
10 11 10 12
37 21 38 21
27 28 26 28
35 39 36 39
5 17 5 16
30 2 29 2
3 8 3 7
5 44 6 44
9 18 8 18
6 44 7 44
36 19 37 19
39 3 39 4
12 30 12 29
40 3 40 2
4 2 3 2
27 19 27 20
12 8 13 8
32 11 32 10
38 30 39 30
6 5 6 4
2 5 1 5
39 33 39 32
39 38 38 38
43 30 42 30
31 43 31 44
33 17 33 16
40 2 41 2
28 17 29 17
35 21 35 22
33 10 34 10
32 27 31 27
10 44 9 44
42 14 42 15
2 15 1 15
35 25 34 25
13 14 13 13
28 19 27 19
3 20 4 20
9 42 9 43
31 44 30 44
7 44 7 43
8 8 7 8
27 20 26 20
20 4 21 4
27 21 26 21
21 35 22 35
23 42 23 41
24 8 23 8
27 16 26 16
29 41 30 41
22 8 21 8
41 18 41 17
42 18 42 17
20 13 20 14
35 12 34 12
32 13 32 14
17 14 16 14
13 32 12 32
12 28 13 28
17 3 17 4
32 14 33 14
3 12 2 12
35 10 36 10
22 10 22 9
8 24 8 23
41 24 42 24
16 29 15 29
12 23 12 24
32 41 32 42
10 18 10 17
7 23 7 24
1 19 2 19
2 18 2 17
7 24 7 25
1 18 1 19
37 19 37 20
20 18 19 18
44 35 44 36
18 27 19 27
35 29 34 29
42 36 42 37
4 23 4 24
39 41 38 41
23 41 22 41
26 40 26 39
17 5 17 6
11 1 10 1
16 36 15 36
27 36 28 36
4 31 4 30
0 28 0 29
34 25 34 26
34 38 35 38
33 30 32 30
3 15 2 15
36 27 36 26
35 38 35 39
28 0 29 0
9 4 8 4
6 34 7 34
6 13 7 13
19 36 20 36
32 28 32 27
4 15 4 14
42 21 42 22
10 39 9 39
0 26 1 26
19 37 19 38
9 35 9 34
11 9 11 10
10 36 10 35
28 20 28 21
23 19 23 20
11 10 12 10
16 24 16 25
18 17 18 18
19 7 19 8
20 25 21 25
0 20 0 19
28 10 28 11
26 29 26 30
37 43 37 42
20 29 20 30
35 0 34 0
19 12 19 11
7 20 8 20
37 11 36 11
11 44 12 44
18 31 17 31
21 25 21 26
8 28 8 29
26 28 26 27
30 37 30 38
36 14 36 13
17 25 17 26
44 3 43 3
43 42 44 42
4 3 4 2
18 32 18 33
43 20 43 19
41 15 40 15
11 39 10 39
4 28 3 28
11 29 10 29
42 27 42 26
28 28 28 29
39 21 40 21
22 1 23 1
23 36 23 35
43 24 44 24
10 8 10 9
12 36 12 35
1 34 0 34
21 18 22 18
21 16 21 17
19 14 18 14
24 16 25 16
41 40 41 39
11 18 12 18
10 13 11 13
29 28 29 29
10 9 10 10
30 30 30 31
4 30 5 30
34 29 34 28
21 17 20 17
33 31 34 31
20 9 21 9
26 30 26 31
36 17 35 17
16 30 16 29
40 32 40 31
33 37 33 38
1 35 1 34
7 18 7 19
10 15 11 15
19 10 19 9
5 18 5 19
3 18 3 19
15 30 16 30
39 28 39 27
152
5 19 3 19
7 19 5 19
5 21 5 19
11 21 5 21
13 21 11 21
11 15 11 21
11 13 11 15
7 13 11 13
7 8 7 13
7 6 7 8
4 8 7 8
13 8 7 8
15 8 13 8
13 4 13 8
11 4 13 4
17 4 13 4
17 6 17 4
17 0 17 4
18 0 17 0
19 8 15 8
19 9 19 8
19 11 19 9
23 6 17 6
23 8 23 6
25 6 23 6
28 6 25 6
28 11 28 6
33 11 28 11
33 13 33 11
33 14 33 13
33 16 33 14
33 18 33 16
36 11 33 11
36 13 36 11
30 18 33 18
41 13 36 13
43 13 41 13
41 10 41 13
13 27 13 21
43 19 43 13
43 22 43 19
4 2 4 8
20 21 13 21
20 19 20 21
20 24 20 21
24 21 20 21
26 21 24 21
28 21 26 21
11 28 11 21
23 18 30 18
23 15 23 18
3 28 11 28
3 30 3 28
5 30 3 30
3 37 3 30
3 38 3 37
3 39 3 38
1 37 3 37
8 0 17 0
33 28 33 18
34 28 33 28
34 31 34 28
30 31 34 31
26 31 30 31
34 36 34 31
35 36 34 36
35 39 35 36
26 36 26 31
28 36 26 36
28 37 28 36
26 39 26 36
40 31 34 31
40 34 40 31
44 34 40 34
44 36 44 34
40 25 40 31
20 31 26 31
20 32 20 31
20 30 20 31
17 31 20 31
17 32 17 31
17 34 17 32
14 32 17 32
20 36 20 32
14 36 14 32
20 42 20 36
22 42 20 42
40 43 40 34
42 43 40 43
42 41 42 43
42 40 42 41
10 42 20 42
6 37 5 37
6 36 6 37
11 36 6 36
11 40 11 36
13 40 11 40
2 40 11 40
2 42 2 40
0 42 2 42
13 28 13 40
16 28 13 28
19 28 16 28
19 27 19 28
19 26 19 27
19 25 19 26
21 26 19 26
19 30 19 28
17 30 19 30
21 23 21 26
16 25 16 28
14 25 16 25
14 23 14 25
25 28 19 28
27 26 21 26
29 26 27 26
31 23 21 23
30 38 30 32
30 41 30 38
30 43 30 41
30 44 30 43
27 41 30 41
26 41 27 41
22 41 26 41
22 39 22 41
24 44 30 44
21 44 24 44
38 41 30 41
38 39 38 41
36 39 38 39
36 33 36 39
41 44 30 44
1 1 0 1
1 0 1 1
0 3 0 1
0 5 0 3
0 8 0 5
0 9 0 8
3 9 0 9
6 9 3 9
3 14 3 9
4 14 3 14
8 14 4 14
8 18 8 14
8 20 8 18
30 5 29 5
30 4 30 5
29 10 29 5
32 10 29 10
32 8 32 10
34 8 32 8
37 8 34 8
