89
23 24 23 23
21 26 21 25
25 26 26 26
20 3 19 3
16 12 17 12
4 1 3 1
25 9 26 9
5 8 6 8
6 2 6 1
0 11 1 11
19 3 19 2
17 21 17 22
19 1 20 1
0 20 0 21
8 4 7 4
19 20 19 21
23 10 23 11
15 24 15 25
7 15 7 16
23 11 22 11
7 1 8 1
26 26 26 25
25 25 25 26
1 19 0 19
8 1 8 0
11 0 11 1
22 16 22 15
4 10 5 10
20 5 20 4
18 20 17 20
0 1 0 2
20 10 19 10
15 15 15 16
17 24 17 25
10 24 10 23
16 10 15 10
8 7 9 7
8 13 7 13
10 6 10 7
11 6 10 6
11 7 11 6
12 24 12 23
20 24 20 25
13 17 13 18
12 21 13 21
25 19 25 20
18 16 17 16
16 0 17 0
25 11 24 11
7 12 7 11
0 26 0 25
18 13 17 13
3 4 3 3
16 17 15 17
6 8 6 9
23 17 23 16
10 13 9 13
15 19 16 19
13 10 13 11
18 12 18 11
0 21 1 21
24 11 24 10
12 25 12 26
9 14 8 14
4 4 4 3
10 3 11 3
25 8 25 9
18 14 19 14
3 23 4 23
8 23 8 24
9 9 10 9
21 8 21 7
9 5 9 6
9 13 8 13
14 25 14 26
4 25 4 26
22 22 21 22
23 14 24 14
15 17 15 18
3 19 2 19
15 25 14 25
17 13 17 14
13 18 12 18
15 21 16 21
20 22 20 23
8 18 9 18
9 18 9 19
10 18 10 19
3 13 4 13
110
5 0 2 0
5 2 5 0
4 2 5 2
5 4 5 2
8 0 5 0
9 0 8 0
0 2 4 2
13 0 9 0
13 1 13 0
13 2 13 1
17 0 13 0
22 0 17 0
8 6 8 0
9 6 8 6
10 6 9 6
9 7 9 6
10 7 10 6
10 9 10 7
6 6 8 6
12 9 10 9
6 9 6 6
6 11 6 9
7 11 6 11
4 9 6 9
7 13 7 11
15 9 12 9
15 10 15 9
15 7 15 9
4 13 7 13
7 16 7 13
19 7 15 7
21 7 19 7
19 10 19 7
0 13 4 13
0 9 4 9
19 14 19 10
21 14 19 14
22 14 21 14
22 15 22 14
17 14 19 14
24 14 22 14
24 15 24 14
22 17 22 15
17 12 17 14
17 16 17 14
17 18 17 16
15 16 17 16
17 20 17 18
15 18 17 18
17 22 17 20
17 23 17 22
17 25 17 23
12 16 15 16
12 18 12 16
12 19 12 18
13 19 12 19
10 19 12 19
9 19 10 19
22 20 22 17
12 22 12 19
12 23 12 22
10 23 12 23
9 23 10 23
6 19 9 19
5 19 6 19
6 20 6 19
4 19 5 19
2 19 4 19
0 19 2 19
0 17 0 19
12 26 12 23
11 26 12 26
10 26 11 26
14 26 12 26
14 25 14 26
15 26 14 26
22 23 22 20
23 23 22 23
24 23 23 23
24 22 24 23
20 23 22 23
20 25 20 23
21 25 20 25
25 20 22 20
25 21 25 20
26 21 25 21
14 20 17 20
4 23 4 19
2 23 4 23
4 26 4 23
24 10 24 14
24 9 24 10
25 10 24 10
23 9 24 9
25 9 24 9
23 6 23 9
26 6 23 6
26 25 26 21
19 2 19 7
11 11 11 10
12 11 11 11
11 12 11 11
13 11 12 11
14 11 13 11
16 11 14 11
18 11 16 11
16 13 16 11
8 12 11 12
8 13 8 12
8 14 8 13
