176
15 15 15 16
14 15 15 15
16 4 17 4
20 11 20 10
21 12 20 12
12 16 11 16
14 6 14 5
12 19 11 19
15 15 16 15
15 14 15 15
17 19 18 19
16 20 15 20
2 5 2 6
1 5 2 5
17 4 17 3
15 20 15 19
8 5 8 6
8 6 8 7
9 6 8 6
9 7 9 6
19 1 18 1
2 19 2 20
13 20 13 21
4 9 4 8
13 7 13 6
16 21 16 20
20 14 20 15
20 17 19 17
10 20 11 20
10 21 10 20
4 8 3 8
1 21 0 21
20 16 19 16
20 15 20 16
19 15 20 15
19 2 18 2
19 3 19 2
3 4 4 4
19 5 19 4
20 5 19 5
20 4 20 5
4 6 4 5
3 6 4 6
3 5 3 6
14 1 13 1
8 16 9 16
9 21 10 21
9 20 9 21
10 20 9 20
18 1 18 0
2 16 2 15
19 16 19 15
2 11 2 12
3 11 2 11
8 19 8 20
6 11 7 11
7 10 6 10
10 2 10 3
18 12 19 12
18 13 18 12
19 13 18 13
0 20 1 20
3 7 2 7
3 6 3 7
2 6 3 6
3 13 3 12
2 13 3 13
2 12 2 13
15 13 15 12
14 13 15 13
14 12 14 13
5 3 4 3
19 20 19 21
15 12 15 11
14 2 15 2
3 0 3 1
10 7 9 7
12 11 12 12
3 14 2 14
0 13 0 14
1 13 0 13
1 14 1 13
8 17 8 16
19 11 20 11
19 12 19 11
13 11 13 12
8 4 8 3
9 4 8 4
13 15 13 16
18 21 17 21
20 9 20 8
14 14 14 15
13 14 14 14
12 14 13 14
3 17 3 16
4 2 5 2
1 16 2 16
1 8 0 8
1 9 1 8
7 11 7 10
6 14 5 14
6 13 6 14
14 4 13 4
14 3 14 4
13 3 14 3
12 18 12 17
10 17 11 17
10 16 10 17
0 16 1 16
5 20 6 20
9 5 9 4
6 21 7 21
6 20 6 21
10 11 11 11
12 6 12 7
2 17 1 17
14 19 14 18
15 19 14 19
15 18 15 19
6 8 7 8
9 2 10 2
10 9 10 10
19 2 19 1
10 0 9 0
11 6 12 6
12 5 11 5
10 1 10 0
0 6 1 6
11 7 10 7
5 13 5 12
15 7 16 7
11 10 12 10
18 2 19 2
20 13 20 14
21 14 21 13
16 5 16 4
0 9 1 9
0 10 0 9
4 3 3 3
4 4 4 3
9 12 8 12
12 10 13 10
5 14 5 15
7 12 7 11
8 12 8 13
16 2 16 3
18 7 19 7
18 6 18 7
1 3 1 4
8 6 8 5
9 6 8 6
10 7 10 6
13 21 14 21
6 9 7 9
15 5 16 5
4 21 4 20
5 21 4 21
7 0 6 0
10 8 10 7
9 8 10 8
14 9 14 10
14 8 14 7
13 8 14 8
11 11 12 11
11 12 11 11
12 12 11 12
20 5 20 6
21 5 20 5
15 2 15 3
17 3 17 2
16 3 17 3
17 2 18 2
17 3 17 2
18 3 17 3
18 2 18 3
17 2 18 2
123
18 0 15 0
18 2 18 0
18 3 18 2
17 3 18 3
20 3 18 3
15 3 17 3
20 5 20 3
20 6 20 5
17 6 17 3
17 9 17 6
15 9 17 9
15 11 15 9
17 11 15 11
18 11 17 11
19 11 18 11
12 11 15 11
11 11 12 11
12 13 12 11
11 9 11 11
9 9 11 9
8 9 9 9
9 7 9 9
8 7 9 7
8 11 8 9
7 11 8 11
6 7 8 7
5 7 6 7
5 6 5 7
8 13 8 11
9 13 8 13
7 13 8 13
8 14 8 13
5 4 5 6
6 4 5 4
5 11 7 11
4 11 5 11
5 2 5 4
2 11 4 11
1 11 2 11
0 11 1 11
5 0 5 2
4 0 5 0
6 0 5 0
0 9 0 11
0 8 0 9
1 8 0 8
2 8 1 8
2 13 2 11
2 14 2 13
1 6 1 8
0 14 2 14
0 15 0 14
4 14 2 14
4 13 4 14
1 4 1 6
0 17 0 15
1 2 1 4
2 2 1 2
9 4 9 7
19 14 19 11
18 14 19 14
19 15 19 14
18 15 18 14
9 1 9 4
9 0 9 1
11 1 9 1
11 2 11 1
11 3 11 2
11 4 11 3
13 6 17 6
12 17 12 13
14 17 12 17
15 17 14 17
16 17 15 17
14 15 14 17
14 14 14 15
12 20 12 17
16 20 12 20
18 20 16 20
18 19 18 20
20 20 18 20
4 20 4 14
4 21 4 20
2 20 4 20
2 21 2 20
2 18 2 20
8 20 4 20
9 20 8 20
8 21 8 20
9 21 9 20
9 18 9 20
9 17 9 18
7 17 9 17
6 17 7 17
6 16 6 17
6 18 6 17
11 14 10 14
11 16 11 14
11 17 11 16
9 16 11 16
9 15 9 16
11 19 11 17
10 19 11 19
10 21 10 19
11 21 10 21
12 21 11 21
14 21 12 21
17 21 14 21
10 5 10 4
11 5 10 5
13 5 11 5
14 5 13 5
13 4 13 5
13 2 13 4
13 1 13 2
11 8 11 5
12 8 11 8
10 8 11 8
16 1 13 1
17 1 16 1
14 19 14 18
16 18 14 18
17 18 16 18
