265
11 5 11 4
10 5 11 5
10 27 11 27
10 3 9 3
19 22 19 23
26 17 26 16
15 3 15 2
2 28 2 27
15 2 15 1
24 21 24 22
25 12 25 13
5 23 5 22
12 25 12 26
6 6 7 6
23 0 24 0
8 20 8 21
0 29 0 28
8 26 8 25
22 0 22 1
11 12 11 13
11 13 10 13
3 28 4 28
26 16 25 16
10 13 10 14
4 22 4 21
5 22 4 22
4 23 5 23
3 29 3 28
24 12 23 12
3 8 2 8
13 11 13 12
15 4 16 4
24 11 24 12
17 1 17 0
18 1 17 1
8 14 9 14
7 13 8 13
23 2 23 1
4 29 3 29
4 28 4 29
2 6 2 7
8 7 7 7
16 4 16 5
16 1 16 0
14 3 14 4
10 10 11 10
24 12 24 13
9 3 9 2
3 23 3 22
9 4 9 3
2 7 3 7
20 26 21 26
6 18 7 18
10 7 10 8
9 7 10 7
9 8 9 7
1 13 2 13
3 13 3 12
4 13 3 13
11 10 11 9
12 10 11 10
18 20 17 20
18 21 18 20
17 21 18 21
11 10 11 11
21 9 21 8
3 10 4 10
7 20 7 19
27 25 26 25
5 5 5 6
4 5 5 5
4 6 4 5
3 2 4 2
5 12 5 11
19 7 19 8
2 17 1 17
24 29 25 29
4 17 4 18
5 14 5 13
24 19 24 20
14 25 14 24
12 9 12 10
8 25 7 25
7 24 8 24
25 10 25 9
5 9 6 9
15 6 15 5
14 6 15 6
14 5 14 6
6 10 6 11
7 10 6 10
5 20 5 21
25 17 26 17
8 21 9 21
12 8 12 9
22 1 21 1
20 2 21 2
14 4 13 4
13 5 14 5
19 18 19 17
12 26 13 26
21 0 20 0
28 5 28 4
1 14 1 13
2 14 1 14
2 13 2 14
1 17 0 17
29 5 28 5
13 12 14 12
8 9 8 8
18 25 18 24
1 21 1 22
1 11 0 11
2 20 2 21
14 11 15 11
27 19 27 20
2 21 1 21
29 18 28 18
27 6 27 5
19 1 18 1
13 20 13 19
21 1 21 0
19 17 20 17
26 10 25 10
26 27 26 26
27 27 26 27
15 18 15 19
9 2 8 2
11 11 11 12
24 0 24 1
10 28 10 27
28 1 28 2
14 8 14 9
14 21 14 20
8 6 8 5
28 24 27 24
24 22 23 22
8 15 8 16
21 2 21 1
27 15 27 14
15 21 14 21
14 21 13 21
28 18 28 19
23 18 24 18
23 22 22 22
23 23 23 22
15 11 16 11
15 22 14 22
29 24 28 24
22 19 23 19
5 3 4 3
19 23 18 23
18 24 19 24
15 19 14 19
18 21 19 21
7 28 7 29
15 25 14 25
15 26 15 25
14 26 15 26
10 17 10 16
14 27 15 27
17 7 17 6
0 6 0 5
28 2 28 3
27 3 27 2
16 27 16 26
27 28 27 27
19 25 18 25
19 24 19 25
13 18 13 17
17 27 17 26
9 18 9 17
24 23 24 24
26 14 26 15
22 6 22 7
21 6 22 6
28 7 28 6
15 15 14 15
3 19 4 19
19 8 20 8
27 10 26 10
27 11 27 10
26 11 27 11
20 10 19 10
1 14 1 15
22 4 22 5
25 8 26 8
14 10 14 11
26 13 26 14
13 3 14 3
13 8 14 8
14 9 13 9
11 3 11 2
26 25 25 25
17 18 18 18
25 9 25 8
26 9 25 9
26 8 26 9
26 26 25 26
26 27 26 26
1 19 1 18
2 0 2 1
26 21 26 20
2 1 2 2
17 14 17 15
19 19 19 18
18 18 18 19
23 22 24 22
10 24 11 24
3 28 4 28
10 20 10 21
11 20 10 20
14 17 14 18
13 13 12 13
13 10 14 10
14 11 13 11
10 25 10 26
25 23 24 23
20 15 19 15
20 16 20 15
20 15 20 14
7 26 8 26
21 21 21 20
25 11 25 12
5 26 5 27
5 27 6 27
18 28 19 28
26 15 27 15
26 14 26 15
27 14 26 14
23 10 22 10
23 11 23 10
25 2 25 1
28 9 28 8
27 12 28 12
27 22 27 23
0 28 1 28
11 25 10 25
5 5 6 5
21 11 21 12
7 25 7 26
8 26 8 25
16 13 15 13
23 26 23 25
24 26 23 26
8 1 9 1
23 5 23 4
6 15 7 15
25 4 25 3
20 11 19 11
17 12 17 11
9 20 8 20
16 11 16 10
17 11 16 11
21 12 22 12
22 11 23 11
17 13 18 13
18 13 18 14
25 1 26 1
29 12 29 13
7 21 7 22
28 21 28 20
13 27 14 27
29 21 28 21
19 20 20 20
134
3 16 2 16
2 19 2 16
3 13 3 16
5 13 3 13
1 13 3 13
2 26 2 19
0 26 2 26
1 6 1 13
3 6 1 6
3 5 3 6
5 6 3 6
3 3 3 5
3 0 3 3
4 0 3 0
1 0 3 0
1 1 1 0
8 0 4 0
10 0 8 0
10 6 10 0
9 6 10 6
10 7 10 6
12 6 10 6
12 7 12 6
13 7 12 7
13 9 13 7
12 9 13 9
11 9 12 9
11 12 11 9
8 12 11 12
7 12 8 12
11 18 11 12
12 18 11 18
14 18 12 18
14 15 14 18
14 13 14 15
15 13 14 13
14 12 14 13
17 15 14 15
19 15 17 15
21 15 19 15
19 13 19 15
20 13 19 13
21 13 20 13
19 18 19 15
24 13 21 13
25 13 24 13
27 13 25 13
27 15 27 13
28 15 27 15
29 15 28 15
29 13 27 13
20 9 20 13
29 9 29 13
25 9 20 9
26 9 25 9
26 10 26 9
26 7 26 9
25 7 26 7
17 20 17 15
17 22 17 20
17 26 17 22
29 3 29 9
29 1 29 3
26 1 29 1
24 1 26 1
24 2 24 1
22 2 24 2
22 5 22 2
22 6 22 5
18 6 22 6
17 6 18 6
17 1 17 6
15 1 17 1
12 1 15 1
29 22 29 15
29 25 29 22
29 28 29 25
25 22 29 22
25 21 25 22
23 21 25 21
25 25 25 22
25 26 25 25
23 25 25 25
23 26 23 25
25 28 25 26
25 29 25 28
19 28 25 28
19 26 19 28
14 28 19 28
13 28 14 28
14 27 14 28
14 25 14 27
9 28 13 28
10 25 14 25
5 28 9 28
5 23 5 28
5 21 5 23
7 23 5 23
7 26 7 23
8 16 8 13
10 16 8 16
8 18 8 16
8 20 8 18
10 20 8 20
8 24 8 20
8 25 8 24
8 27 8 25
7 27 8 27
6 27 7 27
11 24 8 24
12 24 11 24
14 24 12 24
14 22 14 24
14 20 14 22
14 19 14 20
16 19 14 19
3 20 8 20
3 21 3 20
22 18 21 18
21 20 21 18
22 20 21 20
21 22 21 20
21 23 21 22
24 18 22 18
25 18 24 18
24 20 24 18
25 16 25 18
26 20 24 20
27 20 26 20
28 20 27 20
18 23 21 23
24 23 21 23
18 20 18 23
24 14 24 18
