347
8 16 8 17
7 16 8 16
32 24 31 24
29 6 29 7
28 25 28 26
12 19 12 20
15 20 15 21
41 32 40 32
21 4 22 4
28 26 28 27
29 31 28 31
14 35 15 35
41 1 42 1
39 41 39 40
13 35 14 35
17 3 16 3
16 4 17 4
16 3 16 4
17 4 17 3
41 31 40 31
2 1 2 0
37 17 37 16
30 1 31 1
40 41 41 41
4 36 5 36
42 26 41 26
0 36 1 36
7 43 8 43
7 21 6 21
4 42 5 42
5 16 5 17
6 16 5 16
6 17 6 16
39 4 39 3
12 26 12 25
5 23 5 22
6 22 6 23
10 1 10 2
21 0 22 0
9 1 9 0
1 1 1 2
3 17 3 18
1 3 0 3
1 26 0 26
1 27 1 26
39 17 40 17
2 5 1 5
2 3 1 3
1 2 2 2
15 12 14 12
15 3 16 3
4 29 5 29
13 1 14 1
34 36 35 36
10 33 10 34
31 37 30 37
13 32 14 32
33 37 32 37
33 38 33 37
0 13 1 13
31 38 31 39
10 32 11 32
29 35 29 36
25 37 24 37
25 38 25 37
14 0 13 0
15 0 14 0
26 3 26 4
39 40 39 39
26 15 25 15
32 38 33 38
35 38 35 39
39 39 38 39
12 35 13 35
28 31 28 30
27 16 27 17
33 33 33 34
3 12 4 12
14 32 14 33
38 43 39 43
3 15 3 16
4 15 3 15
11 32 11 33
12 32 11 32
39 43 40 43
16 38 16 37
1 10 1 9
0 10 1 10
37 27 36 27
21 37 21 38
21 38 21 39
4 17 3 17
5 18 4 18
2 20 3 20
37 32 36 32
0 24 0 23
37 1 37 0
2 29 2 30
18 28 18 27
42 35 42 36
21 16 22 16
38 37 38 36
22 16 22 17
21 30 21 29
30 37 30 36
20 26 19 26
22 4 22 3
43 26 42 26
0 33 1 33
28 5 28 6
20 5 20 4
22 31 21 31
32 25 32 24
10 17 11 17
12 17 12 18
38 0 38 1
15 21 15 22
29 41 30 41
37 28 37 27
27 42 26 42
32 37 32 36
43 17 43 16
13 35 13 34
12 34 12 35
36 4 37 4
37 3 36 3
38 22 37 22
13 5 13 6
13 23 14 23
38 1 39 1
37 4 37 3
19 41 19 40
39 1 39 2
33 37 34 37
11 19 10 19
13 9 12 9
16 28 15 28
6 5 6 6
1 38 1 39
1 39 0 39
15 23 16 23
1 30 1 31
3 38 2 38
1 31 0 31
12 38 11 38
8 17 9 17
27 35 27 34
32 43 32 42
12 13 12 14
11 8 11 9
11 32 10 32
27 40 26 40
24 37 24 36
25 37 24 37
38 41 38 40
41 41 41 40
9 8 9 7
20 15 20 14
15 28 15 29
13 42 13 41
34 8 34 7
2 25 2 24
19 23 19 22
36 26 37 26
6 24 6 25
32 2 33 2
29 36 28 36
19 38 20 38
20 38 21 38
14 42 14 41
18 34 17 34
18 42 18 41
12 25 11 25
22 6 23 6
27 32 27 33
11 39 11 40
11 27 11 28
26 40 26 39
13 40 14 40
1 8 0 8
8 0 8 1
12 4 13 4
1 5 0 5
18 33 18 34
17 34 17 33
3 28 3 29
29 8 29 9
19 22 19 21
27 34 26 34
7 4 7 3
20 11 20 10
10 7 11 7
20 12 19 12
16 27 15 27
19 21 18 21
17 18 18 18
15 27 14 27
8 1 7 1
35 4 35 3
13 13 12 13
7 2 8 2
21 14 21 15
1 40 1 41
16 3 16 2
19 19 19 18
32 24 33 24
20 31 20 32
36 3 36 4
18 12 18 13
4 3 4 4
32 29 32 28
18 32 18 31
18 18 18 19
6 0 5 0
36 38 37 38
32 23 33 23
15 1 15 2
1 3 1 2
39 24 39 25
2 24 1 24
15 31 16 31
21 39 22 39
21 19 21 20
20 43 21 43
15 32 15 31
14 31 14 32
19 12 19 11
22 25 22 24
33 18 34 18
18 27 17 27
10 32 10 31
33 17 32 17
25 22 24 22
31 1 31 0
5 29 5 30
8 16 8 15
7 15 7 16
9 34 9 33
8 34 9 34
32 16 33 16
41 27 40 27
37 43 36 43
5 20 5 21
32 19 32 20
29 18 29 19
5 34 4 34
42 14 43 14
10 12 10 11
6 35 5 35
24 0 25 0
26 4 25 4
6 25 7 25
43 32 42 32
27 24 27 25
33 12 32 12
23 8 23 9
11 13 11 12
21 2 20 2
27 41 27 40
41 11 40 11
39 2 40 2
27 19 26 19
20 4 19 4
23 6 24 6
18 9 18 8
11 40 10 40
18 43 18 42
2 0 3 0
7 8 8 8
23 10 23 11
18 24 18 23
40 22 40 21
22 12 22 11
31 25 30 25
20 22 20 21
16 24 17 24
9 41 8 41
28 22 28 21
27 22 27 21
23 34 24 34
14 23 14 24
42 8 42 9
28 17 29 17
3 33 3 34
1 42 1 43
24 22 24 21
3 10 2 10
20 21 20 20
15 39 15 40
34 18 34 19
19 40 19 39
32 12 32 11
34 0 35 0
17 35 17 34
28 42 28 41
24 7 23 7
43 5 42 5
41 29 41 28
24 34 25 34
25 15 24 15
17 7 17 6
32 33 33 33
10 38 10 37
16 4 17 4
8 38 8 37
28 19 28 20
15 18 15 17
24 21 24 20
27 33 26 33
32 42 31 42
2 33 2 34
36 27 36 28
9 27 8 27
34 27 34 28
27 1 28 1
37 5 36 5
16 23 17 23
43 12 43 11
5 37 5 38
19 15 19 14
32 35 32 34
14 18 15 18
19 27 19 28
34 19 34 20
16 39 15 39
37 11 36 11
24 2 24 1
37 15 38 15
38 42 39 42
3 36 3 37
15 39 14 39
10 15 10 16
10 40 9 40
0 8 0 9
16 7 15 7
38 8 37 8
6 43 6 42
36 23 36 24
22 11 22 10
29 12 29 11
22 22 23 22
7 16 7 17
32 34 32 33
7 17 7 18
3 15 2 15
8 28 8 29
30 32 30 31
152
6 2 2 2
2 8 2 2
2 10 2 8
2 15 2 10
8 8 2 8
8 15 2 15
14 8 8 8
18 8 14 8
18 7 18 8
21 8 18 8
21 10 21 8
14 12 14 8
21 15 21 10
24 15 21 15
21 20 21 15
20 20 21 20
24 20 21 20
27 20 24 20
28 20 27 20
27 21 27 20
28 21 28 20
27 25 27 21
29 25 27 25
30 25 29 25
24 25 27 25
23 25 24 25
29 28 29 25
30 28 29 28
32 28 30 28
34 28 32 28
36 28 34 28
32 20 28 20
34 20 32 20
32 17 32 20
30 17 32 17
36 24 36 28
38 24 36 24
38 21 38 24
38 20 38 21
36 32 36 28
41 28 36 28
41 26 41 28
42 26 41 26
41 22 41 26
41 33 41 28
41 40 41 33
42 40 41 40
38 40 41 40
28 8 21 8
28 6 28 8
24 6 28 6
20 6 24 6
20 2 20 6
20 1 20 2
17 1 20 1
16 1 17 1
16 0 16 1
16 2 16 1
24 1 20 1
28 1 24 1
12 20 20 20
40 17 32 17
40 18 40 17
37 8 28 8
37 3 37 8
39 3 37 3
37 0 37 3
41 0 37 0
41 6 41 0
14 25 23 25
14 24 14 25
14 27 14 25
14 32 14 27
14 33 14 32
11 33 14 33
9 33 11 33
7 33 9 33
11 30 11 33
9 30 11 30
11 38 11 33
1 33 7 33
1 35 1 33
1 36 1 35
5 35 1 35
5 36 5 35
5 38 5 36
5 42 5 38
1 28 1 33
2 28 1 28
8 24 14 24
20 32 14 32
21 38 11 38
21 35 21 38
21 43 21 38
27 43 21 43
27 40 27 43
36 43 27 43
31 35 21 35
33 31 30 31
33 33 33 31
32 33 33 33
32 36 32 33
30 36 32 36
28 36 30 36
27 36 28 36
28 37 28 36
24 36 27 36
24 37 24 36
35 36 32 36
35 35 35 36
28 41 28 37
30 41 28 41
24 41 24 37
40 33 33 33
40 32 40 33
1 13 1 10
1 17 1 13
3 17 1 17
5 17 3 17
9 17 5 17
11 17 9 17
11 14 11 17
15 17 11 17
15 18 15 17
20 17 15 17
1 23 1 17
0 23 1 23
0 26 0 23
0 28 0 26
13 0 10 0
13 4 13 0
13 6 13 4
17 4 13 4
17 6 17 4
19 4 17 4
19 7 19 4
8 6 13 6
7 6 8 6
8 2 8 6
9 2 8 2
3 19 3 18
4 18 3 18
3 20 3 19
7 18 4 18
7 25 7 18
8 25 7 25
5 25 7 25
8 27 8 25
7 27 8 27
12 27 8 27
5 30 5 25
5 31 5 30
