91
9 1 10 1
3 8 2 8
5 18 4 18
27 26 26 26
10 17 11 17
21 16 21 17
1 15 1 14
2 15 1 15
23 7 24 7
5 27 4 27
23 6 24 6
22 1 22 0
25 9 24 9
14 4 15 4
26 26 26 25
25 26 26 26
25 11 24 11
6 0 6 1
7 0 6 0
17 2 17 1
19 12 19 11
4 18 4 17
22 16 21 16
21 27 20 27
27 17 26 17
14 13 14 12
14 6 14 7
12 20 12 19
2 8 2 9
21 17 22 17
20 20 19 20
9 3 9 4
10 11 10 12
10 18 10 17
11 18 10 18
17 14 16 14
9 18 9 19
10 18 9 18
10 19 10 18
20 23 20 24
21 25 22 25
18 22 19 22
19 7 20 7
21 6 21 5
14 12 13 12
4 14 4 15
17 6 18 6
8 5 8 4
1 12 1 13
4 16 5 16
6 13 5 13
10 14 9 14
6 18 5 18
3 14 3 15
3 16 3 17
0 9 0 8
24 3 24 2
4 7 3 7
12 23 12 24
26 22 26 21
13 22 13 21
13 5 13 4
9 0 9 1
15 9 16 9
17 19 18 19
9 4 9 5
20 27 20 26
22 24 22 23
11 2 11 3
15 12 16 12
27 8 27 7
10 22 10 21
3 0 4 0
14 9 13 9
12 17 12 18
6 1 6 2
24 13 24 12
26 9 27 9
18 13 17 13
6 2 6 3
14 7 13 7
7 22 7 21
19 25 19 26
8 22 8 21
22 26 21 26
7 21 6 21
3 4 4 4
14 2 14 1
20 24 21 24
5 3 4 3
13 21 12 21
108
2 2 2 0
4 0 2 0
4 2 2 2
4 3 4 2
4 4 4 3
2 4 2 2
6 3 4 3
6 0 4 0
10 0 6 0
10 1 10 0
11 1 10 1
11 3 11 1
11 4 11 3
13 3 11 3
14 3 13 3
13 4 13 3
14 1 14 3
17 1 14 1
18 1 17 1
13 7 13 4
12 7 13 7
13 9 13 7
18 4 18 1
18 6 18 4
18 8 18 6
19 8 18 8
19 9 19 8
16 8 18 8
16 9 16 8
16 10 16 9
16 12 16 10
16 14 16 12
16 15 16 14
18 14 16 14
13 15 16 15
13 17 13 15
13 18 13 17
12 18 13 18
12 19 12 18
10 18 12 18
10 17 10 18
9 17 10 17
12 21 12 19
10 15 10 17
9 15 10 15
10 21 12 21
14 21 12 21
8 21 10 21
6 21 8 21
4 21 6 21
10 12 10 15
7 12 10 12
6 12 7 12
13 12 10 12
12 24 12 21
18 18 18 14
18 19 18 18
18 20 18 19
19 20 18 20
19 22 19 20
21 22 19 22
19 24 19 22
21 24 21 22
19 26 19 24
20 26 19 26
21 26 20 26
4 17 4 21
3 17 4 17
4 15 4 17
3 15 4 15
1 15 3 15
1 14 1 15
19 16 19 20
21 16 19 16
24 16 21 16
21 12 21 16
24 12 21 12
24 11 24 12
24 9 24 11
26 11 24 11
27 11 26 11
24 7 24 9
24 6 24 7
24 5 24 6
27 9 27 11
27 7 27 9
27 3 27 7
26 26 21 26
26 27 26 26
4 26 4 21
4 27 4 26
3 27 4 27
2 27 3 27
4 9 4 4
2 9 4 9
1 9 2 9
6 26 6 21
27 24 21 24
24 1 18 1
5 6 5 4
8 4 5 4
10 6 5 6
11 6 10 6
11 7 11 6
11 8 11 7
10 10 10 6
12 10 10 10
12 9 12 10
