179
7 2 7 1
8 2 7 2
8 1 8 2
7 1 7 0
3 21 3 22
8 21 8 20
14 0 14 1
15 1 15 0
1 4 0 4
1 5 1 4
4 3 5 3
4 4 4 3
8 20 9 20
9 20 9 19
3 0 3 1
1 18 2 18
10 22 9 22
3 9 4 9
1 8 1 7
7 4 6 4
2 18 2 19
2 9 3 9
1 6 2 6
1 7 1 6
7 2 7 1
21 11 21 12
20 12 20 11
7 1 6 1
14 10 14 11
15 10 14 10
4 19 5 19
4 20 4 19
5 20 4 20
17 5 16 5
20 11 21 11
21 12 20 12
22 10 22 11
21 10 22 10
12 21 12 20
13 21 12 21
14 21 13 21
3 20 3 21
1 19 1 20
15 8 14 8
15 7 15 8
16 8 16 7
18 19 19 19
7 12 7 13
20 18 20 19
6 22 6 21
6 12 7 12
18 20 18 19
19 20 18 20
19 21 19 20
18 15 18 14
10 16 10 15
13 16 14 16
3 22 4 22
20 15 20 16
8 22 7 22
20 16 19 16
22 20 22 19
13 3 13 2
18 3 18 2
16 16 17 16
2 4 3 4
8 10 9 10
9 13 10 13
8 9 9 9
12 11 11 11
19 7 18 7
19 6 20 6
10 8 11 8
11 13 11 14
12 13 11 13
18 14 19 14
10 4 10 5
20 14 20 13
19 14 20 14
6 15 6 16
5 15 6 15
7 8 7 7
8 7 8 8
11 9 10 9
11 8 11 9
21 8 21 7
22 8 21 8
6 15 7 15
13 9 13 8
12 9 13 9
12 8 12 9
14 6 14 5
6 16 6 17
12 14 12 13
12 13 12 12
4 15 5 15
9 15 9 16
4 16 4 15
5 16 4 16
11 1 11 2
10 1 11 1
10 2 10 1
15 8 16 8
7 15 7 16
2 3 2 4
21 9 21 10
20 9 21 9
20 10 20 9
14 18 14 19
1 16 1 15
5 10 5 11
13 8 12 8
13 9 13 8
4 9 4 10
5 9 4 9
0 15 0 16
12 1 12 2
10 21 10 22
6 9 6 8
8 5 8 6
3 19 3 18
10 19 10 20
16 18 17 18
3 16 2 16
9 21 8 21
9 14 9 13
2 12 2 11
20 7 19 7
18 8 17 8
18 7 18 8
15 6 15 7
14 14 14 13
15 7 14 7
4 13 3 13
7 9 7 10
19 12 18 12
18 11 19 11
1 6 0 6
17 10 18 10
15 11 15 12
16 11 15 11
0 18 1 18
0 17 0 18
1 17 0 17
21 15 21 16
17 15 18 15
17 9 17 10
16 9 17 9
16 10 16 9
18 17 17 17
11 10 10 10
11 11 11 10
4 11 3 11
8 13 8 12
7 13 8 13
7 6 7 5
8 2 7 2
19 16 19 17
18 16 19 16
11 19 10 19
9 1 8 1
9 4 9 3
6 6 7 6
3 15 3 16
20 2 20 3
13 19 12 19
20 3 20 4
13 13 12 13
21 17 22 17
6 10 6 9
7 10 6 10
4 6 5 6
10 9 10 8
10 8 10 7
12 10 12 11
13 10 12 10
13 11 13 10
14 11 13 11
15 11 14 11
120
4 0 0 0
4 2 4 0
5 2 4 2
4 3 4 2
5 3 5 2
7 2 5 2
5 5 5 3
5 6 5 5
9 2 7 2
9 3 9 2
7 6 5 6
7 5 7 6
7 7 7 6
9 0 9 2
9 5 9 3
10 5 9 5
10 7 10 5
7 0 9 0
12 7 10 7
12 8 12 7
13 7 12 7
13 8 12 8
14 7 13 7
14 8 13 8
14 10 14 8
13 10 14 10
14 11 14 10
13 11 13 10
16 7 14 7
16 6 16 7
16 5 16 6
13 14 13 11
11 14 13 14
10 14 11 14
10 13 10 14
8 14 10 14
19 5 16 5
19 7 19 5
19 8 19 7
20 8 19 8
21 8 20 8
21 7 21 8
2 5 5 5
2 6 2 5
0 5 2 5
0 4 0 5
0 6 0 5
5 14 8 14
5 15 5 14
4 15 5 15
5 12 5 14
5 11 5 12
5 17 5 15
5 18 5 17
6 17 5 17
4 18 5 18
6 18 5 18
3 18 4 18
7 11 5 11
1 18 3 18
19 11 19 8
19 13 19 11
17 11 19 11
19 16 19 13
19 17 19 16
17 16 19 16
17 17 17 16
17 18 17 17
15 18 17 18
15 19 15 18
13 18 15 18
15 16 17 16
21 16 19 16
22 16 21 16
22 15 22 16
22 17 22 16
22 18 22 17
19 19 19 17
19 20 19 19
20 20 19 20
13 20 13 18
12 20 13 20
12 21 12 20
20 22 20 20
1 15 1 18
3 21 3 18
2 21 3 21
1 12 1 15
6 21 3 21
8 21 6 21
19 2 19 5
19 1 19 2
18 1 19 1
19 0 19 1
17 1 18 1
17 0 17 1
21 2 19 2
14 1 17 1
13 1 14 1
2 7 0 7
4 7 2 7
4 8 4 7
4 9 4 8
4 10 4 9
6 8 4 8
6 7 6 8
8 8 6 8
2 10 4 10
2 11 2 10
1 11 2 11
2 13 2 11
8 6 8 8
0 10 2 10
0 9 0 10
8 4 8 6
8 11 8 8
8 12 8 11
9 11 8 11
7 12 8 12
12 11 9 11
