297
11 9 10 9
6 19 6 18
16 10 15 10
7 18 7 19
6 7 7 7
24 1 24 2
17 13 16 13
0 4 1 4
6 10 5 10
16 7 16 8
17 10 17 9
18 21 18 20
20 24 21 24
11 15 10 15
11 16 11 15
6 18 5 18
23 15 22 15
18 20 19 20
7 22 7 23
3 11 3 12
7 17 6 17
6 14 6 13
24 5 23 5
7 3 6 3
3 5 3 6
21 7 21 6
21 21 22 21
22 20 21 20
21 24 21 23
4 16 5 16
3 16 4 16
4 11 3 11
6 1 7 1
4 17 3 17
12 16 11 16
5 12 6 12
9 16 9 17
5 18 4 18
5 17 5 18
1 16 1 15
2 23 1 23
24 17 23 17
11 8 11 7
0 20 0 21
11 7 10 7
6 22 6 23
1 20 0 20
14 12 14 11
16 21 16 20
4 14 5 14
22 24 21 24
6 5 6 4
8 17 7 17
8 16 8 17
12 4 11 4
13 13 13 12
16 13 16 14
24 25 25 25
3 19 4 19
11 17 10 17
24 24 24 25
13 12 14 12
6 6 6 5
8 13 8 12
24 2 23 2
6 5 7 5
3 21 3 22
5 25 4 25
15 8 15 9
3 13 3 14
4 9 4 10
19 24 18 24
5 11 4 11
14 3 14 2
17 0 16 0
5 9 4 9
8 14 8 13
12 3 12 4
13 3 12 3
13 4 13 3
24 16 24 17
25 16 24 16
1 10 1 9
1 11 1 10
19 3 19 2
18 3 19 3
21 16 20 16
19 3 19 4
20 3 19 3
2 8 1 8
16 24 16 25
24 22 25 22
10 15 10 14
3 17 3 18
2 17 3 17
2 18 2 17
7 10 7 11
5 18 6 18
23 22 24 22
20 13 19 13
17 21 18 21
17 18 16 18
5 19 6 19
3 9 2 9
24 12 24 11
11 4 11 5
17 24 16 24
2 0 2 1
1 0 2 0
7 21 7 20
8 21 7 21
25 14 25 13
16 2 17 2
14 15 15 15
1 10 2 10
1 9 1 10
2 9 1 9
20 22 19 22
12 23 11 23
2 6 2 7
20 21 19 21
19 18 18 18
11 23 10 23
11 22 11 23
9 3 10 3
9 2 9 3
3 3 2 3
12 12 13 12
3 2 4 2
20 12 20 13
11 2 11 1
25 12 24 12
25 11 25 12
24 11 25 11
17 3 18 3
17 2 17 3
12 13 13 13
25 5 24 5
15 10 15 11
9 1 9 2
9 0 9 1
6 21 6 22
14 22 14 23
5 21 5 22
3 24 3 23
2 24 3 24
0 21 1 21
24 5 24 4
25 4 25 5
5 24 5 25
4 20 4 21
13 7 13 6
9 8 8 8
9 9 9 8
21 5 22 5
24 18 25 18
22 19 21 19
7 9 7 8
2 25 2 24
20 1 20 2
15 23 15 22
16 23 15 23
16 22 16 23
24 21 25 21
6 0 6 1
5 0 6 0
20 2 20 3
12 24 12 23
6 3 6 2
5 4 5 3
6 4 6 5
12 22 11 22
12 21 12 22
2 3 2 4
21 2 20 2
22 8 22 7
20 0 20 1
21 1 21 0
22 2 21 2
16 5 17 5
13 25 13 24
24 22 24 21
24 0 24 1
18 2 17 2
16 8 15 8
15 24 15 25
1 3 2 3
1 2 1 3
2 2 1 2
13 16 12 16
15 5 15 6
11 12 12 12
23 20 22 20
18 14 18 15
20 15 21 15
20 16 20 15
12 18 12 19
4 13 3 13
3 12 4 12
17 12 17 13
5 1 5 0
6 1 5 1
6 0 6 1
23 9 23 10
0 23 0 22
1 23 0 23
1 22 1 23
9 7 9 6
8 7 9 7
13 15 13 16
0 13 0 14
5 6 4 6
20 3 20 4
23 18 23 19
25 5 24 5
25 6 25 5
24 6 25 6
2 3 3 3
2 4 2 3
9 3 9 4
3 20 3 21
2 20 3 20
15 12 15 13
14 19 14 20
11 21 12 21
7 5 7 4
12 21 13 21
21 9 21 10
20 9 21 9
20 10 20 9
6 17 5 17
21 12 22 12
2 21 2 20
1 7 1 6
7 17 7 16
3 3 3 4
24 20 23 20
24 19 24 20
23 19 24 19
4 23 4 24
12 15 13 15
12 16 12 15
13 16 12 16
13 15 13 16
23 5 23 4
24 12 24 13
22 9 23 9
21 10 22 10
11 19 11 18
10 11 10 12
16 24 15 24
11 11 10 11
21 18 21 17
20 18 21 18
20 17 20 18
16 25 16 24
23 17 23 16
22 17 23 17
22 16 22 17
5 16 6 16
5 17 5 16
8 6 8 7
4 9 3 9
6 16 6 17
7 16 6 16
6 17 5 17
17 13 18 13
6 16 6 17
5 16 6 16
5 17 5 16
6 17 5 17
6 16 6 17
5 16 6 16
5 17 5 16
6 17 5 17
12 20 12 21
13 20 12 20
13 21 13 20
6 16 6 17
5 16 6 16
5 17 5 16
6 17 5 17
6 16 6 17
5 16 6 16
5 17 5 16
6 17 5 17
6 16 6 17
5 16 6 16
5 17 5 16
6 17 5 17
6 16 6 17
5 16 6 16
5 17 5 16
6 17 5 17
6 16 6 17
5 16 6 16
5 17 5 16
102
1 2 1 1
4 2 1 2
4 1 4 2
5 1 4 1
6 1 5 1
6 2 6 1
8 2 6 2
9 2 8 2
9 1 9 2
12 2 9 2
12 3 12 2
4 5 4 2
6 5 4 5
6 9 6 5
8 9 6 9
8 8 8 9
10 9 8 9
10 7 10 9
10 6 10 7
6 12 6 9
4 12 6 12
8 12 6 12
2 12 4 12
1 12 2 12
2 14 2 12
10 12 8 12
10 11 10 12
12 12 10 12
12 11 12 12
14 11 12 11
12 15 12 12
12 16 12 15
11 15 12 15
13 16 12 16
12 19 12 16
12 20 12 19
13 19 12 19
13 20 12 20
14 20 13 20
16 20 14 20
9 19 12 19
8 19 9 19
8 18 8 19
6 18 8 18
4 18 6 18
4 16 4 18
4 15 4 16
2 16 4 16
0 16 2 16
16 23 16 20
19 20 16 20
19 19 19 20
21 20 19 20
21 23 21 20
22 23 21 23
22 25 22 23
24 25 22 25
0 5 4 5
0 3 0 5
0 8 0 5
13 24 13 20
14 24 13 24
9 24 13 24
9 23 9 24
8 23 9 23
7 23 8 23
6 23 7 23
19 16 13 16
19 14 19 16
17 14 19 14
16 14 17 14
23 16 19 16
23 14 23 16
23 10 23 14
23 9 23 10
25 9 23 9
21 9 23 9
20 9 21 9
25 7 25 9
17 9 20 9
16 9 17 9
23 4 23 9
23 2 23 4
25 2 23 2
16 4 16 9
17 4 16 4
15 4 16 4
18 4 17 4
19 4 18 4
20 4 19 4
21 4 20 4
21 3 21 4
19 6 19 4
19 7 19 6
7 6 7 4
9 4 7 4
9 5 9 4
9 6 9 5
11 5 9 5
11 3 11 5
11 10 11 5
12 10 11 10
