353
30 3 30 4
20 43 19 43
29 42 30 42
17 5 18 5
19 42 20 42
40 16 41 16
25 12 25 11
11 21 10 21
8 14 9 14
13 27 13 28
42 13 42 12
19 5 20 5
18 2 18 1
30 1 29 1
24 0 25 0
17 38 16 38
33 37 32 37
42 29 42 30
31 1 31 0
42 12 41 12
29 1 29 2
23 20 23 21
17 19 18 19
31 11 31 12
5 7 5 8
45 45 45 44
13 18 13 19
12 19 12 18
41 26 41 25
24 10 24 11
23 11 23 10
27 20 26 20
25 19 25 20
12 18 13 18
4 15 4 16
12 26 11 26
11 25 12 25
29 7 29 6
29 21 30 21
30 15 29 15
13 34 12 34
32 37 32 36
35 5 34 5
19 7 19 8
1 3 2 3
28 39 28 40
1 2 0 2
6 34 6 35
38 34 38 33
27 26 27 25
31 34 31 35
12 35 13 35
7 12 8 12
39 33 39 32
42 30 41 30
36 7 35 7
42 34 42 33
42 33 42 32
24 44 25 44
7 15 6 15
22 8 22 9
41 27 41 26
23 39 23 38
28 27 29 27
20 4 19 4
27 19 27 20
28 25 28 24
27 25 28 25
24 45 24 44
2 19 1 19
26 45 26 44
25 9 26 9
23 9 24 9
37 31 36 31
9 30 9 29
22 3 22 4
12 42 13 42
24 9 25 9
23 10 24 10
12 0 11 0
29 38 29 39
5 40 5 41
21 40 21 39
10 0 10 1
8 0 8 1
30 34 29 34
10 44 10 45
37 2 37 3
5 44 5 43
41 3 41 2
38 32 37 32
13 45 13 44
10 12 10 11
12 33 11 33
16 22 15 22
13 38 13 39
8 38 8 39
45 36 45 37
39 32 38 32
15 28 15 29
15 33 16 33
3 12 4 12
36 4 37 4
35 19 36 19
15 32 14 32
39 22 40 22
41 16 41 17
36 19 36 18
33 13 32 13
11 37 11 36
11 35 10 35
39 19 39 18
2 28 3 28
31 6 32 6
44 8 43 8
20 14 20 13
15 6 15 5
12 28 12 27
39 7 40 7
40 23 39 23
27 13 27 14
20 15 21 15
40 27 40 28
39 18 38 18
5 12 6 12
29 27 29 26
33 27 33 26
9 37 10 37
8 36 9 36
27 24 26 24
4 12 4 11
38 33 39 33
24 6 24 7
39 20 39 21
26 13 27 13
44 34 43 34
27 36 27 37
8 15 8 16
21 37 21 36
8 25 8 24
15 24 15 23
21 36 22 36
19 15 20 15
3 39 4 39
40 4 40 5
6 23 6 22
35 37 35 36
15 23 16 23
25 25 26 25
44 22 44 21
12 41 12 42
10 41 10 42
8 41 8 42
9 26 8 26
28 9 29 9
38 5 38 4
8 24 8 23
28 10 29 10
8 23 8 22
18 41 18 42
36 16 36 17
31 17 31 16
26 16 25 16
39 15 39 16
32 21 32 22
35 36 34 36
16 26 17 26
43 42 44 42
32 5 33 5
3 6 3 7
32 6 32 5
2 6 3 6
14 38 15 38
23 25 22 25
29 33 29 32
16 33 16 34
16 11 15 11
29 34 28 34
29 39 28 39
34 25 34 26
19 35 19 36
23 22 22 22
34 26 34 27
23 30 22 30
13 19 14 19
31 16 32 16
21 10 22 10
13 43 12 43
4 42 4 41
1 40 2 40
28 14 28 13
39 28 38 28
45 0 44 0
44 19 44 18
19 36 18 36
12 34 12 33
25 24 25 25
1 18 2 18
22 17 22 18
17 26 18 26
36 38 35 38
16 9 15 9
37 26 38 26
35 43 35 42
32 26 31 26
38 44 39 44
17 32 18 32
3 43 3 42
25 38 24 38
21 43 21 44
44 27 44 28
15 9 15 10
0 37 0 36
4 33 4 34
5 15 4 15
7 24 7 23
9 9 9 8
3 35 2 35
30 44 30 43
16 7 16 8
1 16 0 16
17 10 17 9
44 18 45 18
28 44 28 43
31 33 32 33
19 10 19 9
24 18 25 18
22 9 23 9
26 17 26 18
4 16 3 16
11 30 11 29
27 29 27 30
21 32 21 31
28 40 29 40
35 31 35 30
7 21 6 21
26 30 26 31
41 6 41 7
25 11 26 11
33 24 32 24
32 30 31 30
29 40 29 39
24 11 23 11
26 31 27 31
43 24 42 24
18 22 18 23
2 38 3 38
16 2 17 2
5 45 4 45
20 20 19 20
13 4 12 4
39 34 40 34
20 18 21 18
26 44 26 43
24 32 25 32
8 4 9 4
28 20 28 21
14 4 14 3
10 27 11 27
14 34 13 34
12 14 11 14
25 3 24 3
35 44 35 45
11 10 12 10
5 33 6 33
23 24 24 24
6 8 7 8
34 1 33 1
18 44 18 43
9 34 8 34
23 21 24 21
2 3 2 4
14 24 13 24
42 10 43 10
23 4 23 3
28 24 28 23
14 43 14 42
8 1 9 1
12 13 11 13
35 16 34 16
10 21 10 20
28 41 28 40
30 42 30 41
24 35 23 35
23 0 24 0
44 43 43 43
14 32 13 32
43 10 43 11
8 17 7 17
24 42 25 42
35 30 35 29
41 20 40 20
38 28 38 27
25 30 24 30
44 28 45 28
1 24 0 24
42 19 42 20
10 2 10 3
10 6 9 6
10 3 9 3
30 21 31 21
14 11 14 10
5 6 6 6
9 28 9 27
8 22 9 22
14 10 14 9
43 8 43 7
45 34 44 34
27 35 28 35
35 11 34 11
13 17 13 16
45 20 45 21
5 19 6 19
26 24 26 23
15 39 16 39
15 29 14 29
39 36 40 36
26 35 26 36
16 17 16 16
9 8 10 8
3 28 3 29
23 38 23 37
21 15 21 16
35 38 35 37
15 22 15 23
23 3 23 2
9 14 10 14
28 35 29 35
1 19 1 20
21 39 22 39
38 10 37 10
2 1 2 2
1 1 1 0
6 6 6 5
24 38 24 37
1 12 1 11
7 6 7 5
38 14 37 14
37 28 37 27
34 16 34 17
17 18 17 19
34 18 33 18
17 19 17 20
30 38 30 37
10 37 10 38
37 3 36 3
24 31 24 32
15 5 16 5
21 38 20 38
20 37 21 37
20 38 19 38
37 27 37 26
37 26 37 25
146
10 1 9 1
10 8 10 1
10 11 10 8
7 8 10 8
10 14 10 11
7 5 7 8
6 5 7 5
4 5 6 5
16 8 10 8
16 5 16 8
18 5 16 5
20 5 18 5
18 1 18 5
20 11 20 5
23 11 20 11
4 11 4 5
1 11 4 11
4 15 4 11
1 15 4 15
4 20 4 15
1 20 4 20
9 20 4 20
10 20 9 20
23 19 23 11
26 19 23 19
26 20 26 19
1 31 1 20
9 31 1 31
37 19 26 19
37 14 37 19
35 14 37 14
39 14 37 14
37 10 37 14
39 10 37 10
39 9 39 10
39 8 39 9
39 6 39 8
37 6 39 6
37 4 37 6
42 6 39 6
42 4 42 6
35 8 39 8
44 14 39 14
44 20 44 14
42 20 44 20
40 20 42 20
40 22 40 20
42 24 42 20
42 28 42 24
40 28 42 28
45 28 42 28
28 8 35 8
30 4 37 4
25 4 30 4
24 4 25 4
27 14 35 14
45 37 45 28
39 37 45 37
39 33 39 37
35 37 39 37
39 29 39 33
36 29 39 29
35 29 36 29
30 37 35 37
27 37 30 37
24 37 27 37
23 37 24 37
21 37 23 37
23 35 23 37
30 41 30 37
21 41 21 37
21 44 21 41
24 44 21 44
17 41 21 41
15 41 17 41
15 44 15 41
13 44 15 44
17 35 17 41
21 31 21 37
21 29 21 31
20 29 21 29
32 33 39 33
39 44 39 37
41 44 39 44
42 44 41 44
41 41 41 44
41 40 41 41
45 44 42 44
6 41 15 41
5 41 6 41
32 24 32 33
1 44 13 44
32 1 18 1
8 12 8 9
8 16 8 12
13 16 8 16
13 18 13 16
16 16 13 16
21 16 16 16
21 18 21 16
13 24 13 18
13 28 13 24
10 28 13 28
8 28 10 28
10 26 10 28
8 26 8 28
5 26 8 26
5 30 5 26
5 18 13 18
21 26 21 18
29 26 21 26
30 26 29 26
31 26 30 26
31 21 31 26
28 21 31 21
27 21 28 21
25 21 27 21
24 21 25 21
24 24 24 21
29 32 29 26
29 35 29 32
31 35 29 35
15 30 5 30
15 37 15 30
15 38 15 37
10 38 15 38
10 35 10 38
6 35 10 35
5 35 6 35
3 38 10 38
3 42 3 38
8 42 3 42
5 8 5 18
24 28 13 28
24 30 24 28
24 32 24 30
27 30 24 30
24 8 21 8
24 7 24 8
24 10 24 8
26 7 24 7
26 9 26 7
26 11 26 9
26 15 26 11
29 15 26 15
26 18 26 15
