94
30 4 30 3
34 7 35 7
33 6 34 6
20 34 20 35
16 32 16 31
32 1 33 1
34 16 35 16
18 27 18 26
34 27 35 27
6 2 6 1
9 8 10 8
17 11 16 11
27 20 27 21
18 12 18 13
5 9 6 9
24 1 25 1
16 11 16 12
15 35 15 34
2 16 1 16
15 1 15 0
19 19 19 18
27 29 27 28
26 8 26 9
1 16 0 16
1 21 1 20
18 30 18 31
25 1 25 2
3 23 2 23
12 34 12 33
10 13 11 13
25 30 24 30
22 34 23 34
30 14 30 13
33 30 33 29
20 29 21 29
11 2 10 2
4 17 5 17
21 13 22 13
20 25 21 25
14 15 13 15
29 8 28 8
11 3 11 4
25 12 25 13
14 13 14 14
6 1 5 1
21 21 22 21
27 1 28 1
0 18 0 19
28 6 29 6
32 21 33 21
29 35 28 35
32 22 31 22
34 22 33 22
4 5 5 5
17 25 18 25
1 20 0 20
20 35 21 35
14 30 15 30
10 30 10 29
1 10 2 10
21 20 20 20
13 32 12 32
2 26 3 26
27 28 27 27
11 31 11 30
12 14 12 13
3 11 3 12
19 16 20 16
3 33 2 33
26 2 26 3
32 33 32 32
12 10 11 10
32 3 31 3
29 6 29 5
25 7 24 7
7 1 7 0
2 5 3 5
9 21 9 20
30 9 30 10
5 16 4 16
24 30 23 30
32 25 33 25
26 15 26 16
5 1 5 0
3 26 3 27
12 6 12 7
19 13 20 13
4 10 5 10
18 13 17 13
11 20 11 19
21 8 20 8
17 6 17 7
15 33 15 32
5 15 5 16
105
5 0 3 0
7 0 5 0
8 0 7 0
5 5 5 0
3 5 5 5
5 10 5 5
5 12 5 10
4 12 5 12
3 12 4 12
2 12 3 12
2 10 2 12
5 16 5 12
4 16 5 16
0 16 4 16
0 14 0 16
0 19 0 16
0 20 0 19
11 10 5 10
11 13 11 10
12 13 11 13
12 16 12 13
15 16 12 16
17 16 15 16
20 16 17 16
17 13 17 16
17 19 17 16
20 13 20 16
20 20 20 16
7 13 11 13
20 8 20 13
20 7 20 8
17 7 20 7
24 7 20 7
24 5 24 7
20 3 20 7
22 3 20 3
26 3 22 3
28 3 26 3
29 3 28 3
30 3 29 3
31 3 30 3
28 1 28 3
29 5 29 3
31 1 31 3
32 5 29 5
29 9 29 5
29 11 29 9
31 9 29 9
26 9 29 9
29 16 29 11
26 16 29 16
12 7 17 7
12 8 12 7
12 4 12 7
11 4 12 4
9 4 11 4
15 8 12 8
11 19 17 19
7 20 0 20
9 20 7 20
19 10 11 10
11 27 11 19
11 30 11 27
15 30 11 30
15 32 15 30
15 34 15 32
12 32 15 32
16 27 11 27
16 28 16 27
20 30 15 30
23 30 20 30
23 34 23 30
9 34 15 34
30 34 23 34
4 27 11 27
3 27 4 27
2 27 3 27
2 28 2 27
5 28 2 28
7 28 5 28
2 31 2 28
2 33 2 31
2 35 2 33
5 31 5 28
29 24 29 16
26 24 29 24
29 32 29 24
32 32 29 32
32 30 32 32
19 1 28 1
14 1 19 1
23 19 23 30
21 23 21 10
21 25 21 23
18 25 21 25
18 26 18 25
15 25 18 25
13 25 15 25
13 26 13 25
21 29 21 25
15 20 15 25
17 20 15 20
18 18 18 25
19 18 18 18
19 22 19 18
