175
21 1 20 1
7 14 7 13
7 15 7 14
6 14 6 15
19 12 18 12
19 13 19 12
7 10 7 9
6 17 6 16
5 16 5 17
17 3 18 3
7 21 8 21
6 9 6 8
8 11 7 11
13 20 14 20
13 19 13 20
9 17 8 17
16 5 17 5
18 12 18 11
7 7 7 8
9 2 9 3
1 13 2 13
14 20 14 19
15 20 14 20
6 16 5 16
20 4 20 3
1 12 1 11
17 12 18 12
10 17 9 17
2 20 2 19
16 4 17 4
16 20 15 20
13 8 13 7
12 8 13 8
12 7 12 8
4 17 3 17
21 18 21 19
16 7 16 6
11 0 11 1
12 12 12 13
13 12 12 12
5 16 4 16
8 2 7 2
9 3 8 3
21 16 21 17
20 16 21 16
0 8 0 9
1 8 0 8
1 9 1 8
5 4 4 4
3 8 4 8
19 10 18 10
19 11 19 10
18 11 19 11
4 8 4 9
15 17 14 17
13 7 12 7
13 8 13 7
12 8 13 8
19 10 20 10
19 9 19 10
20 9 19 9
3 7 3 8
20 8 20 9
21 8 20 8
1 6 1 5
0 6 1 6
0 12 1 12
3 0 2 0
2 9 1 9
2 8 2 9
1 8 2 8
2 7 3 7
2 8 2 7
3 8 2 8
6 1 5 1
6 0 6 1
5 0 6 0
17 1 17 0
10 3 10 4
0 18 1 18
15 18 14 18
13 1 13 2
13 2 12 2
6 3 5 3
7 2 6 2
14 8 15 8
14 7 14 8
14 9 13 9
14 8 14 9
18 21 19 21
18 20 18 21
15 4 15 3
15 20 15 19
18 1 19 1
18 2 18 1
19 2 18 2
18 3 19 3
13 0 13 1
14 0 13 0
14 1 14 0
20 17 19 17
19 16 19 15
20 15 20 16
16 21 16 20
10 18 10 17
21 17 20 17
21 16 21 17
20 16 21 16
15 21 15 20
21 14 20 14
11 3 11 2
9 19 10 19
7 4 6 4
20 18 21 18
10 17 11 17
11 18 10 18
19 9 18 9
9 17 10 17
9 16 9 17
10 16 9 16
11 10 11 11
1 4 1 3
2 4 1 4
8 6 8 7
8 5 7 5
13 15 12 15
10 8 9 8
9 7 9 6
8 7 9 7
15 13 15 14
14 12 14 13
13 13 13 12
7 6 8 6
20 20 21 20
20 19 20 20
21 19 20 19
3 12 2 12
13 20 13 21
14 20 13 20
6 5 6 6
10 6 10 5
11 6 10 6
6 7 7 7
20 19 20 18
8 17 8 16
19 15 19 14
7 20 6 20
5 12 6 12
5 11 5 12
10 12 9 12
15 14 16 14
7 11 7 10
17 20 18 20
3 19 3 20
18 17 18 18
21 3 21 4
6 19 5 19
5 21 6 21
5 20 5 21
6 20 5 20
20 13 19 13
20 12 20 13
19 12 20 12
14 11 15 11
17 17 17 18
12 6 11 6
12 7 12 6
11 7 12 7
11 6 11 5
15 15 15 14
14 15 15 15
15 12 14 12
14 13 15 13
11 12 10 12
11 13 11 12
124
3 6 2 6
2 7 2 6
2 8 2 7
0 8 2 8
0 7 0 8
0 5 0 7
5 8 2 8
6 8 5 8
7 8 6 8
6 10 6 8
7 10 6 10
6 12 6 10
6 13 6 12
7 12 6 12
7 13 6 13
10 10 7 10
12 10 10 10
12 12 12 10
11 12 12 12
10 12 11 12
11 14 11 12
10 14 11 14
10 17 10 14
11 17 10 17
9 17 10 17
12 17 11 17
7 17 9 17
11 19 11 17
12 19 11 19
5 17 7 17
14 19 12 19
14 18 14 19
14 17 14 18
16 18 14 18
16 17 16 18
17 18 16 18
18 18 17 18
17 16 17 18
18 16 17 16
18 20 18 18
19 20 18 20
20 20 19 20
21 20 20 20
20 21 20 20
20 18 20 20
16 20 18 20
5 19 5 17
5 20 5 19
5 21 5 20
3 17 5 17
3 15 3 17
2 15 3 15
1 15 2 15
1 14 1 15
1 12 1 14
3 20 5 20
1 20 3 20
0 20 1 20
0 17 0 20
21 16 18 16
21 15 21 16
10 6 10 10
10 5 10 6
11 5 10 5
12 5 11 5
12 2 12 5
11 2 12 2
11 1 11 2
14 2 12 2
9 1 11 1
16 2 14 2
16 3 16 2
14 0 14 2
19 3 16 3
20 3 19 3
19 1 19 3
6 1 9 1
6 0 6 1
4 0 6 0
2 0 4 0
1 0 2 0
0 0 1 0
2 2 2 0
16 6 16 3
18 6 16 6
19 6 18 6
19 5 19 6
18 12 18 16
18 10 18 12
18 9 18 10
17 10 18 10
17 9 18 9
14 9 17 9
14 10 14 9
4 4 4 0
21 11 21 15
9 20 5 20
9 21 9 20
13 9 13 8
13 10 13 9
13 11 13 10
13 12 13 11
14 12 13 12
15 11 13 11
16 12 14 12
15 8 13 8
16 8 15 8
15 6 15 8
18 8 16 8
16 10 16 12
20 8 18 8
20 7 20 8
20 9 20 8
20 6 20 7
20 10 20 9
20 5 20 6
21 10 20 10
20 12 20 10
20 13 20 12
15 3 15 6
14 3 15 3
13 16 13 12
14 16 13 16
12 16 13 16
