254
21 10 21 11
7 14 6 14
3 8 3 9
7 8 7 9
14 28 14 27
14 5 14 4
21 24 22 24
11 28 10 28
18 14 18 13
15 29 15 30
30 29 29 29
29 27 30 27
12 30 12 29
18 15 18 14
27 29 26 29
5 8 4 8
5 7 5 8
15 4 15 3
3 18 3 17
25 19 24 19
11 31 12 31
12 31 12 30
14 24 15 24
14 23 14 24
25 20 25 19
15 26 15 25
14 26 15 26
14 25 14 26
7 2 7 3
5 21 6 21
27 3 28 3
15 7 15 8
6 5 7 5
29 1 30 1
29 0 29 1
1 29 1 30
30 27 31 27
30 26 30 27
31 26 30 26
25 1 25 0
27 28 27 29
24 6 25 6
6 1 7 1
9 4 10 4
9 5 9 4
15 8 14 8
17 10 17 11
13 12 13 13
14 12 13 12
14 8 13 8
28 4 28 5
1 12 1 11
17 4 18 4
17 5 17 4
16 9 17 9
13 13 12 13
13 12 13 13
0 8 1 8
18 14 17 14
30 17 30 16
19 15 18 15
8 12 9 12
21 17 22 17
9 13 8 13
5 6 5 5
12 21 11 21
12 22 12 21
3 22 3 21
18 31 17 31
4 16 3 16
14 4 15 4
0 20 1 20
0 21 0 20
13 0 14 0
30 16 29 16
9 17 9 18
12 28 12 27
29 12 30 12
27 8 27 7
13 6 14 6
24 11 24 12
20 24 20 25
9 26 9 25
9 22 9 21
22 11 23 11
22 10 22 11
23 10 22 10
30 12 30 11
29 13 29 12
30 13 29 13
31 11 31 12
30 11 31 11
20 9 21 9
18 9 18 10
9 27 9 26
8 27 9 27
5 14 5 15
20 16 21 16
9 7 9 8
28 14 28 15
10 5 9 5
14 29 13 29
6 14 6 13
4 7 5 7
29 6 30 6
21 11 20 11
8 7 9 7
28 3 28 4
27 7 28 7
28 7 29 7
28 6 27 6
15 26 15 27
6 16 7 16
4 27 4 26
13 27 13 28
22 24 22 23
27 25 27 24
31 15 30 15
7 27 7 28
6 27 7 27
26 27 27 27
13 24 13 25
11 24 11 25
25 5 25 4
14 24 14 25
7 27 8 27
5 27 5 26
18 26 17 26
17 26 17 25
8 27 8 28
29 14 28 14
29 13 29 14
30 14 30 13
15 16 16 16
10 16 10 15
25 8 26 8
17 14 17 15
31 21 30 21
11 17 12 17
24 4 24 5
18 15 18 14
26 5 26 6
16 16 16 15
25 6 25 7
30 4 31 4
28 23 28 24
3 21 4 21
26 3 27 3
27 10 27 9
28 10 27 10
18 21 17 21
17 21 17 22
25 31 25 30
18 20 18 21
19 20 18 20
4 26 4 25
15 21 15 22
27 23 26 23
15 22 14 22
20 19 20 20
20 20 19 20
1 14 1 15
14 14 15 14
24 2 24 3
15 20 16 20
29 17 28 17
17 6 17 5
18 28 18 27
9 18 10 18
17 28 18 28
29 19 28 19
7 15 7 14
0 14 1 14
8 19 8 18
27 6 27 5
28 15 27 15
30 24 29 24
30 19 30 18
31 19 30 19
13 7 13 6
20 11 20 12
22 19 22 18
26 30 26 31
22 28 23 28
28 30 29 30
29 31 28 31
28 17 28 16
9 15 9 14
29 18 29 17
26 19 27 19
24 26 24 25
16 29 15 29
15 30 16 30
17 3 16 3
10 12 11 12
17 11 17 12
19 11 18 11
1 15 2 15
1 14 1 15
2 14 1 14
26 20 25 20
25 19 26 19
17 2 16 2
15 29 14 29
21 5 21 4
13 23 12 23
12 21 13 21
12 20 12 21
21 27 20 27
18 1 18 0
17 1 18 1
23 9 23 8
20 29 20 30
19 29 20 29
7 26 7 25
11 3 11 4
10 1 10 2
11 1 10 1
21 15 22 15
25 18 26 18
26 17 25 17
23 21 23 22
13 4 13 5
27 21 27 22
23 17 23 18
20 25 21 25
5 0 5 1
10 11 9 11
10 10 10 11
22 15 23 15
0 19 1 19
29 25 30 25
30 25 31 25
26 18 27 18
28 14 28 13
10 28 10 27
22 11 21 11
22 21 22 22
28 21 28 20
21 8 21 7
18 27 19 27
19 26 18 26
7 28 6 28
25 27 26 27
17 12 16 12
22 17 23 17
22 5 22 6
13 2 12 2
1 0 2 0
23 5 22 5
22 2 21 2
18 10 19 10
18 11 18 10
6 26 7 26
145
1 1 0 1
5 1 1 1
7 1 5 1
7 3 7 1
7 4 7 3
3 3 7 3
1 6 1 1
1 8 1 6
4 8 1 8
5 8 4 8
4 10 4 8
8 10 4 10
8 11 8 10
8 13 8 11
6 13 8 13
6 15 6 13
12 13 8 13
10 15 6 15
14 15 10 15
16 15 14 15
16 20 16 15
16 21 16 20
18 20 16 20
18 21 18 20
16 23 16 21
20 21 18 21
21 21 20 21
12 23 16 23
12 26 12 23
14 26 12 26
25 21 21 21
25 20 25 21
25 17 25 20
18 26 14 26
20 26 18 26
20 27 20 26
20 29 20 27
8 23 12 23
29 17 25 17
29 16 29 17
29 14 29 16
31 14 29 14
29 12 29 14
28 12 29 12
31 12 31 14
8 28 8 23
9 28 8 28
8 29 8 28
8 30 8 29
6 28 8 28
3 28 6 28
0 28 3 28
4 30 8 30
4 31 4 30
0 24 0 28
29 7 29 12
25 7 29 7
25 4 25 7
26 4 25 4
23 4 25 4
21 4 23 4
23 2 23 4
21 2 21 4
26 1 26 4
25 10 25 7
29 1 26 1
22 10 25 10
22 9 22 10
22 8 22 9
19 10 22 10
18 10 19 10
19 13 19 10
18 13 19 13
25 29 20 29
25 30 25 29
29 30 25 30
29 29 29 30
31 30 29 30
29 26 29 29
28 26 29 26
29 24 29 26
28 24 29 24
25 26 28 26
16 2 21 2
21 16 21 21
0 13 6 13
12 7 12 13
14 7 12 7
14 6 14 7
16 7 14 7
14 0 14 6
6 21 6 15
4 21 6 21
4 23 4 21
27 19 27 18
28 19 27 19
28 20 28 19
28 22 28 20
27 22 28 22
31 20 28 20
31 22 31 20
31 25 31 22
31 27 31 25
23 22 27 22
23 25 23 22
24 25 23 25
21 25 23 25
26 25 24 25
19 25 21 25
24 28 24 25
23 28 24 28
25 28 24 28
26 28 25 28
26 29 26 28
26 27 26 28
28 28 26 28
10 2 10 1
10 4 10 2
11 4 10 4
12 4 11 4
12 2 10 2
11 7 11 4
11 9 11 7
10 9 11 9
10 11 10 9
9 11 10 11
9 12 9 11
7 9 10 9
13 13 13 8
17 13 13 13
17 15 17 13
17 16 17 15
23 15 17 15
23 17 23 15
23 18 23 17
22 18 23 18
27 15 23 15
27 11 27 15
23 11 27 11
7 18 7 16
7 19 7 18
7 25 7 19
4 25 7 25
3 25 4 25
2 25 3 25
