341
28 27 29 27
26 10 26 11
21 10 21 11
12 33 13 33
12 34 12 33
26 17 25 17
15 34 14 34
24 12 23 12
25 5 25 6
23 20 24 20
27 38 27 37
21 29 21 30
33 32 32 32
23 9 22 9
34 28 34 27
26 28 26 29
1 34 1 35
26 6 26 5
19 11 19 12
24 3 25 3
32 32 32 33
23 7 22 7
4 9 5 9
16 6 16 7
15 9 15 10
13 25 12 25
7 4 7 3
4 20 5 20
36 32 36 33
25 26 25 27
26 26 25 26
25 27 26 27
8 21 8 20
29 5 28 5
4 36 4 37
3 36 4 36
13 8 13 7
0 35 0 34
1 35 0 35
31 10 31 11
6 38 6 37
31 9 32 9
25 20 26 20
0 18 0 19
27 4 27 3
32 6 31 6
32 25 32 26
4 6 3 6
31 7 30 7
15 10 16 10
16 11 15 11
31 6 31 7
18 0 18 1
19 0 18 0
2 36 2 37
36 8 37 8
18 25 18 26
8 1 8 2
11 37 12 37
36 6 37 6
36 4 35 4
36 3 36 4
5 14 4 14
37 20 38 20
33 11 32 11
37 16 38 16
7 26 7 25
1 5 1 4
4 10 4 11
37 17 36 17
38 3 38 4
24 21 24 22
38 8 38 9
37 8 38 8
37 9 37 8
2 37 3 37
30 27 30 28
19 31 19 30
3 4 3 3
8 20 7 20
8 3 8 4
7 25 8 25
20 29 19 29
20 28 20 29
4 8 3 8
25 21 25 20
24 20 24 21
23 8 24 8
22 2 23 2
23 3 22 3
12 3 12 4
16 1 16 0
32 23 32 22
1 14 1 13
27 37 26 37
34 38 34 37
34 8 34 7
26 27 26 28
4 36 4 35
32 16 31 16
2 20 2 19
27 3 27 2
26 2 26 3
19 26 19 27
15 6 14 6
3 37 3 36
18 29 17 29
27 28 27 27
29 27 29 28
35 18 35 17
36 17 36 18
22 36 23 36
3 19 4 19
2 17 1 17
34 2 34 1
2 19 3 19
33 22 33 23
37 36 38 36
32 22 33 22
28 19 28 20
38 24 38 25
11 23 11 24
28 23 28 24
37 34 38 34
12 29 12 30
26 20 26 21
34 15 35 15
34 11 33 11
13 33 13 34
7 20 7 21
19 8 20 8
4 7 4 8
3 7 4 7
3 8 3 7
24 18 24 17
6 20 7 20
7 20 8 20
7 18 8 18
35 28 34 28
32 24 32 25
19 29 19 28
6 24 5 24
1 6 1 5
5 34 6 34
35 32 34 32
4 3 4 4
34 32 33 32
11 8 11 7
22 1 22 2
20 0 19 0
9 34 9 35
0 28 0 27
2 26 3 26
2 27 2 26
5 27 5 28
34 28 33 28
13 32 13 31
12 32 13 32
23 36 24 36
27 22 26 22
15 27 15 28
11 15 12 15
33 22 34 22
28 33 28 32
28 32 28 31
5 22 4 22
18 26 19 26
18 21 17 21
5 24 4 24
21 35 20 35
16 25 16 24
25 28 25 27
31 31 31 30
32 31 31 31
3 6 3 5
27 27 28 27
13 21 14 21
17 35 18 35
3 7 3 6
12 25 12 26
10 24 10 25
17 36 17 35
26 22 25 22
21 25 21 24
19 24 19 25
6 28 7 28
9 27 10 27
9 26 9 27
24 25 23 25
8 4 7 4
17 4 17 3
12 26 12 27
3 1 4 1
10 4 10 5
9 17 10 17
9 18 9 17
15 26 15 25
16 2 15 2
13 37 14 37
37 35 37 36
18 35 18 36
8 25 8 26
13 23 13 22
9 9 9 8
12 9 12 8
9 23 9 22
23 35 23 36
5 23 5 24
23 37 24 37
23 36 23 37
30 6 29 6
35 4 34 4
4 24 4 23
2 24 1 24
35 8 34 8
13 20 13 21
34 27 34 26
34 26 35 26
34 7 35 7
5 28 5 29
12 12 12 11
38 6 38 5
24 23 25 23
16 16 15 16
33 4 33 3
8 31 7 31
38 5 37 5
10 25 11 25
9 12 10 12
37 1 37 2
7 9 6 9
7 8 7 9
12 14 13 14
14 17 15 17
35 2 35 3
21 16 21 15
16 0 17 0
17 8 17 7
12 13 11 13
8 30 9 30
17 10 17 9
3 3 3 2
20 13 21 13
11 19 11 18
29 35 30 35
21 38 21 37
22 38 22 37
27 10 28 10
9 35 8 35
16 10 17 10
15 35 15 34
15 19 15 18
30 35 30 34
22 16 23 16
19 19 19 18
17 20 16 20
17 33 18 33
19 33 19 32
17 27 16 27
10 35 10 36
9 36 9 35
15 21 16 21
37 10 37 9
27 24 27 25
22 27 21 27
20 35 20 34
1 5 2 5
35 14 35 13
16 19 15 19
7 31 7 32
16 20 16 19
6 8 5 8
28 26 29 26
33 23 32 23
33 7 34 7
20 16 19 16
5 9 5 10
29 26 29 27
5 36 6 36
31 30 31 29
5 26 5 25
10 16 9 16
14 22 14 23
8 38 7 38
38 0 37 0
0 20 0 21
18 31 19 31
19 36 20 36
0 19 1 19
3 26 3 25
6 2 5 2
28 17 29 17
2 26 3 26
19 26 20 26
21 30 21 31
32 26 31 26
2 22 3 22
28 18 27 18
14 31 15 31
2 1 2 0
15 20 15 21
27 18 26 18
1 33 1 34
32 13 32 12
5 3 6 3
1 20 2 20
5 20 6 20
4 31 4 32
27 20 27 19
18 14 17 14
25 14 25 15
18 13 17 13
26 29 27 29
21 12 22 12
3 15 3 16
17 35 16 35
23 30 23 31
9 4 9 5
12 4 12 5
31 13 30 13
4 11 4 12
21 21 21 22
15 38 15 37
23 23 23 22
29 34 29 35
8 19 9 19
7 17 7 16
36 33 37 33
22 12 22 13
4 32 4 33
11 31 11 32
15 19 14 19
16 19 15 19
31 7 31 8
22 3 21 3
23 16 23 17
14 34 14 33
31 36 32 36
38 16 38 17
35 29 35 30
35 31 36 31
158
27 2 23 2
27 0 27 2
29 0 27 0
23 10 23 2
23 12 23 10
28 10 23 10
28 15 28 10
28 16 28 15
31 16 28 16
28 20 28 16
31 20 31 16
28 24 28 20
26 24 28 24
24 24 26 24
23 24 24 24
24 22 24 24
23 22 24 22
21 22 23 22
21 24 23 24
31 26 31 20
31 29 31 26
32 29 31 29
32 30 32 29
32 33 32 30
30 33 32 33
30 34 30 33
30 36 30 34
32 36 30 36
32 38 32 36
27 34 30 34
27 33 27 34
35 33 32 33
37 33 35 33
35 38 32 38
35 37 35 38
35 30 35 33
35 27 35 30
35 26 35 27
37 26 35 26
35 24 35 26
35 23 35 24
37 24 35 24
27 29 31 29
36 10 28 10
36 4 36 10
38 4 36 4
23 38 32 38
17 38 23 38
16 38 17 38
16 35 16 38
19 35 16 35
13 35 16 35
13 34 13 35
19 32 19 35
18 32 19 32
21 32 19 32
18 27 18 32
16 27 18 27
12 27 16 27
11 27 12 27
7 34 13 34
6 34 7 34
7 36 7 34
7 38 7 36
5 38 7 38
10 36 7 36
10 38 10 36
1 34 6 34
1 36 1 34
1 31 1 34
2 31 1 31
2 28 2 31
2 20 2 28
6 20 2 20
6 22 6 20
6 18 6 20
6 26 6 22
2 14 2 20
0 14 2 14
0 13 0 14
6 9 6 18
7 9 6 9
7 4 7 9
4 4 7 4
1 4 4 4
0 4 1 4
4 1 4 4
14 9 7 9
14 6 14 9
37 14 37 24
18 17 18 27
16 17 18 17
15 17 16 17
12 15 12 27
18 1 4 1
18 0 18 1
20 1 18 1
20 8 20 1
21 8 20 8
11 10 9 10
9 16 9 10
9 17 9 16
10 17 9 17
9 19 9 17
10 19 9 19
10 27 10 19
9 27 10 27
10 33 10 27
12 33 10 33
14 33 12 33
7 33 10 33
4 33 7 33
3 33 4 33
4 23 4 33
22 7 22 6
22 9 22 7
22 13 22 9
21 13 22 13
22 15 22 13
21 15 22 15
19 13 21 13
24 15 22 15
25 15 24 15
25 17 25 15
25 20 25 17
25 22 25 20
21 20 25 20
26 4 26 3
31 4 26 4
34 4 31 4
34 1 34 4
34 7 34 4
34 8 34 7
31 8 34 8
30 1 34 1
26 8 31 8
21 27 20 27
21 31 21 27
20 31 21 31
19 31 20 31
23 31 21 31
23 34 23 31
23 37 23 34
20 34 23 34
28 31 23 31
32 12 32 11
37 12 32 12
37 9 37 12
38 9 37 9
32 23 32 12
32 25 32 23
33 25 32 25
33 28 33 25
14 19 14 14
15 19 14 19
14 21 14 19
15 21 14 21
15 23 15 21
