82
1 17 1 16
19 18 20 18
19 17 19 18
0 7 1 7
0 8 0 7
1 7 1 8
11 4 12 4
4 7 4 8
16 20 17 20
3 17 4 17
4 19 3 19
5 2 5 1
12 14 11 14
3 1 4 1
17 14 18 14
17 13 17 14
16 19 16 20
1 3 2 3
11 5 11 4
16 10 15 10
11 12 11 11
8 18 7 18
16 18 15 18
8 13 8 14
7 14 7 13
7 6 6 6
7 5 7 6
6 5 7 5
17 14 16 14
1 16 2 16
3 6 4 6
4 14 5 14
18 10 18 9
19 10 18 10
16 2 15 2
20 17 19 17
14 9 13 9
8 1 8 0
6 9 7 9
11 16 12 16
2 16 3 16
13 13 13 14
11 14 11 15
10 13 11 13
4 12 4 13
8 12 8 13
0 16 0 17
13 18 13 19
13 7 13 6
2 10 1 10
12 6 12 5
8 13 9 13
7 6 8 6
3 11 4 11
3 12 3 11
18 9 17 9
9 10 9 9
16 17 16 16
0 3 1 3
11 10 12 10
17 10 16 10
12 4 12 3
18 10 17 10
9 17 10 17
9 16 9 17
15 15 15 14
14 17 13 17
14 18 14 17
11 1 11 0
16 13 17 13
16 14 16 13
3 11 3 10
6 2 5 2
6 1 6 2
5 1 6 1
16 11 16 12
6 3 6 4
6 6 7 6
1 5 1 6
10 1 11 1
15 10 15 11
5 18 6 18
117
1 2 0 2
1 3 1 2
2 2 1 2
1 4 1 3
1 6 1 4
1 8 1 6
3 8 1 8
3 9 3 8
4 8 3 8
3 10 3 9
4 9 3 9
4 10 3 10
4 11 4 10
4 13 4 11
3 13 4 13
1 10 3 10
1 13 3 13
4 6 4 8
1 15 1 13
0 15 1 15
0 17 0 15
0 18 0 17
1 18 0 18
0 20 0 18
1 20 0 20
2 20 1 20
4 20 2 20
4 18 4 20
4 17 4 18
6 18 4 18
6 17 6 18
6 19 6 18
8 17 6 17
9 17 8 17
8 19 6 19
8 20 8 19
11 19 8 19
11 20 11 19
13 19 11 19
14 19 13 19
15 19 14 19
15 18 15 19
15 17 15 18
14 17 15 17
13 17 14 17
14 16 14 17
13 16 13 17
13 15 13 16
11 15 13 15
17 19 15 19
17 20 17 19
11 13 11 15
19 20 17 20
9 13 11 13
11 11 11 13
7 13 9 13
13 11 11 11
14 11 13 11
15 11 14 11
14 12 14 11
14 13 14 12
11 9 11 11
15 9 15 11
13 9 11 9
17 11 15 11
18 11 17 11
19 11 18 11
7 15 7 13
9 9 11 9
7 11 7 13
7 10 7 11
7 9 7 10
7 8 7 9
17 13 17 11
7 6 7 8
7 5 7 6
8 5 7 5
7 4 7 5
8 4 8 5
6 4 7 4
19 13 17 13
17 15 17 13
13 6 13 9
13 4 13 6
11 4 13 4
10 4 11 4
11 1 11 4
11 0 11 1
10 0 11 0
8 0 10 0
6 0 8 0
6 1 6 0
4 1 6 1
19 17 15 17
15 0 11 0
19 0 15 0
18 6 18 11
18 4 18 6
18 3 18 4
1 1 1 0
3 0 1 0
4 0 3 0
3 2 3 0
3 3 3 2
2 3 3 3
5 2 3 2
6 2 5 2
7 2 6 2
2 5 2 3
9 2 7 2
9 3 9 2
10 2 9 2
9 4 9 3
9 5 9 4
10 5 9 5
10 6 10 5
10 7 10 6
