294
19 8 20 8
18 8 19 8
19 8 19 9
18 9 18 8
19 5 20 5
4 10 5 10
2 9 3 9
13 18 12 18
19 6 19 5
20 6 19 6
18 10 18 9
9 18 9 19
9 21 10 21
21 7 21 8
9 10 9 11
2 10 2 9
10 20 9 20
9 20 9 21
11 21 11 20
17 7 16 7
17 8 17 7
16 8 17 8
3 5 4 5
21 18 21 17
6 22 6 21
5 22 6 22
5 21 5 22
5 20 5 21
6 20 5 20
6 21 6 20
4 9 5 9
1 5 2 5
12 17 11 17
7 11 7 12
9 19 9 20
11 20 11 19
6 18 5 18
8 7 7 7
17 19 16 19
3 6 3 5
17 18 17 19
17 2 18 2
6 12 6 11
18 5 17 5
4 6 3 6
20 5 20 6
19 5 20 5
19 4 19 5
20 4 19 4
9 9 9 10
6 16 5 16
6 17 6 18
8 9 9 9
18 2 18 1
7 2 7 3
7 1 7 2
7 5 8 5
10 7 11 7
16 13 16 14
19 10 18 10
9 7 10 7
19 11 19 10
2 8 1 8
2 7 2 8
1 7 2 7
15 13 16 13
14 13 15 13
14 12 14 13
15 12 14 12
15 1 15 2
14 1 15 1
11 1 11 2
6 2 6 1
7 2 6 2
5 0 5 1
6 0 5 0
6 1 6 0
10 5 10 4
14 12 14 11
6 14 7 14
0 13 0 14
7 12 6 12
9 20 10 20
9 21 9 20
16 3 15 3
2 14 2 15
12 7 12 6
11 7 12 7
12 1 11 1
13 19 13 18
14 2 14 1
15 2 14 2
4 14 4 13
7 14 8 14
2 18 1 18
15 17 15 18
9 5 10 5
5 14 4 14
5 13 5 14
10 6 11 6
11 8 11 7
12 8 11 8
13 8 12 8
13 9 13 8
3 21 3 20
4 22 3 22
4 21 4 22
14 21 14 20
19 15 18 15
3 18 2 18
17 16 17 17
9 22 9 21
17 17 16 17
4 13 5 13
18 18 17 18
19 18 18 18
7 4 7 5
8 4 7 4
8 5 8 4
20 19 20 18
18 18 18 19
19 2 19 1
20 2 19 2
20 3 20 2
21 3 20 3
21 2 21 3
9 8 9 7
9 9 9 8
13 8 14 8
12 2 12 1
10 9 9 9
10 10 10 9
9 10 10 10
16 21 16 20
2 12 2 13
1 8 1 7
0 8 1 8
0 7 0 8
7 19 8 19
1 7 0 7
1 8 1 7
0 8 1 8
15 21 16 21
16 22 15 22
21 17 20 17
21 16 21 17
21 19 20 19
20 19 20 20
21 20 21 19
22 20 21 20
3 10 4 10
3 11 3 10
5 21 6 21
16 5 15 5
22 8 22 9
13 13 13 14
16 6 16 5
14 13 13 13
13 12 14 12
20 9 21 9
15 13 14 13
14 12 15 12
13 7 13 8
14 7 13 7
14 11 14 12
13 11 14 11
21 8 22 8
1 12 0 12
1 11 1 12
0 11 1 11
11 15 11 16
11 3 11 4
12 3 11 3
10 12 10 11
21 12 21 13
4 11 3 11
7 13 7 14
21 13 20 13
21 15 21 16
20 15 21 15
10 2 10 3
11 2 10 2
11 3 11 2
13 3 12 3
1 0 1 1
8 19 9 19
9 21 8 21
9 20 9 21
8 20 9 20
21 16 20 16
10 13 11 13
10 14 10 13
11 14 10 14
11 13 11 14
8 21 8 20
10 13 10 12
0 0 1 0
0 1 0 0
1 1 0 1
8 12 7 12
8 13 8 12
5 10 5 11
22 19 22 20
21 19 22 19
21 20 21 19
11 14 11 15
14 5 14 4
6 11 7 11
10 14 11 14
21 21 20 21
9 13 10 13
9 14 9 13
9 15 9 14
10 15 9 15
3 9 4 9
20 10 20 9
6 12 6 11
8 17 8 16
3 3 2 3
20 21 19 21
20 22 20 21
21 22 20 22
20 18 19 18
9 11 9 12
12 13 11 13
10 18 11 18
10 17 10 18
9 21 8 21
14 6 14 5
13 6 14 6
12 14 12 13
20 8 21 8
10 22 9 22
10 21 10 22
5 13 6 13
17 22 17 21
18 22 17 22
18 21 18 22
4 5 4 6
4 12 4 13
14 9 13 9
14 8 14 9
13 8 14 8
20 12 21 12
12 8 13 8
12 7 12 8
13 7 12 7
7 17 8 17
7 16 7 17
8 16 7 16
11 17 10 17
11 18 11 17
10 18 11 18
2 11 2 12
5 18 5 17
4 18 5 18
4 17 4 18
19 12 19 11
10 17 10 18
9 17 10 17
20 13 20 12
19 13 20 13
4 18 3 18
8 15 8 16
9 15 8 15
9 16 9 15
5 12 5 13
7 21 7 22
6 21 7 21
6 22 6 21
8 16 9 16
8 15 8 16
9 15 8 15
3 4 3 3
2 4 3 4
2 3 2 4
3 3 2 3
8 17 9 17
4 16 4 17
3 16 4 16
3 17 3 16
19 7 20 7
19 6 19 7
20 6 19 6
11 11 12 11
11 10 11 11
12 10 11 10
3 4 3 3
2 4 3 4
2 3 2 4
3 3 2 3
3 4 3 3
2 4 3 4
2 3 2 4
105
5 6 4 6
4 7 4 6
5 7 5 6
4 9 4 7
4 10 4 9
3 10 4 10
6 10 4 10
7 10 6 10
8 10 7 10
1 10 3 10
1 11 1 10
10 10 8 10
11 10 10 10
10 9 10 10
11 9 11 10
11 8 11 9
12 9 11 9
12 8 11 8
13 9 12 9
13 8 12 8
13 10 13 9
8 8 8 10
4 13 4 10
4 14 4 13
5 14 4 14
3 14 4 14
7 14 5 14
7 15 7 14
7 16 7 15
8 15 7 15
7 17 7 16
8 16 8 15
5 16 7 16
5 17 5 16
4 17 5 17
0 14 3 14
0 15 0 14
0 16 0 15
11 15 8 15
12 15 11 15
12 16 12 15
12 13 12 15
13 13 12 13
12 18 12 16
12 19 12 18
12 20 12 19
14 19 12 19
15 19 14 19
16 19 15 19
17 19 16 19
18 19 17 19
10 20 12 20
10 22 10 20
9 22 10 22
8 22 9 22
15 22 15 19
21 19 18 19
22 19 21 19
21 17 21 19
22 17 21 17
21 15 21 17
21 12 21 15
22 12 21 12
21 11 21 12
22 11 22 12
19 11 21 11
18 11 19 11
18 10 18 11
17 10 18 10
8 4 8 8
8 3 8 4
7 4 8 4
7 3 8 3
9 3 8 3
6 3 7 3
6 4 7 4
7 0 7 3
20 3 20 2
22 2 20 2
20 5 20 3
19 5 20 5
20 7 20 5
19 7 20 7
20 9 20 7
19 9 20 9
18 9 19 9
17 9 18 9
16 9 17 9
15 9 16 9
15 10 15 9
14 10 15 10
14 11 14 10
14 12 14 11
17 5 19 5
17 4 17 5
16 4 17 4
12 12 14 12
16 7 16 9
10 12 12 12
9 12 10 12
10 13 10 12
9 13 9 12
9 14 9 13
22 7 20 7
6 13 9 13
