348
14 18 13 18
4 4 3 4
4 5 4 4
23 29 23 28
31 22 31 21
8 28 9 28
30 22 31 22
24 8 25 8
9 28 9 27
32 28 32 29
14 33 14 32
21 23 22 23
30 11 30 12
33 9 33 10
12 23 12 24
34 8 34 9
14 12 14 11
20 25 20 24
4 11 5 11
7 3 6 3
20 26 20 25
27 33 27 32
21 14 21 13
23 10 24 10
19 2 19 1
23 8 24 8
21 13 20 13
18 2 19 2
18 1 18 2
19 1 18 1
34 5 33 5
3 29 2 29
19 2 19 1
3 1 4 1
3 0 3 1
35 29 35 30
21 8 21 7
22 8 21 8
33 1 33 2
29 20 29 21
2 10 2 9
28 6 28 5
29 6 28 6
21 7 22 7
16 1 16 0
28 10 29 10
24 32 25 32
19 9 19 10
13 22 14 22
29 21 30 21
2 9 2 8
2 8 2 7
22 24 22 25
5 3 4 3
4 4 5 4
8 15 9 15
7 24 7 25
38 7 37 7
38 4 37 4
34 29 35 29
22 34 22 35
33 5 33 4
35 24 35 23
16 5 17 5
34 6 34 5
27 11 27 10
5 11 5 12
20 25 19 25
21 25 20 25
15 11 15 12
1 17 0 17
17 13 17 12
21 24 21 23
23 24 24 24
14 15 14 14
37 11 38 11
25 16 25 15
18 23 17 23
19 24 18 24
19 25 19 24
12 29 12 28
21 5 22 5
16 13 15 13
12 33 12 34
26 11 27 11
23 11 23 10
19 1 19 0
37 29 37 28
5 2 5 1
4 1 4 2
26 12 26 11
2 3 2 2
14 22 14 21
35 35 36 35
27 32 28 32
34 17 34 16
37 35 37 36
36 35 37 35
19 8 20 8
28 9 28 10
18 9 19 9
16 32 16 31
37 38 36 38
22 7 22 8
1 18 2 18
3 35 4 35
15 30 14 30
18 35 19 35
5 31 6 31
18 34 18 35
36 31 36 30
31 36 31 37
6 18 7 18
3 28 3 29
4 28 3 28
0 20 1 20
2 18 2 17
5 32 5 31
8 34 8 35
35 23 34 23
7 21 6 21
3 21 4 21
4 21 4 22
2 21 2 20
3 20 3 21
18 30 18 29
13 32 13 31
24 1 24 0
25 1 24 1
25 0 25 1
27 1 27 2
16 35 16 36
14 6 14 5
26 31 26 30
26 32 26 31
6 21 5 21
36 24 35 24
6 24 7 24
6 20 7 20
29 12 28 12
11 26 10 26
23 30 24 30
26 11 25 11
3 21 4 21
17 37 17 38
16 27 17 27
8 18 8 19
7 18 8 18
29 32 29 33
20 34 20 33
29 4 29 5
25 32 25 31
12 35 12 36
6 19 6 20
10 37 10 36
29 5 29 6
28 5 29 5
31 16 31 15
5 18 5 19
8 35 8 36
35 19 34 19
11 21 11 22
9 14 9 13
4 26 3 26
4 9 4 8
17 23 17 22
23 32 24 32
4 35 4 36
0 4 1 4
29 33 30 33
23 28 22 28
1 4 1 5
8 18 8 17
37 28 38 28
36 32 36 33
35 32 36 32
37 35 38 35
33 34 33 35
37 36 37 35
20 36 20 37
7 10 7 9
35 17 35 16
9 4 10 4
35 16 35 15
12 10 12 11
34 38 33 38
3 36 3 35
8 29 8 30
8 16 8 15
7 14 6 14
6 15 7 15
37 21 38 21
23 35 23 36
34 33 34 34
8 17 8 16
9 3 9 2
3 5 4 5
20 22 20 23
25 15 24 15
25 14 25 15
23 3 24 3
15 9 15 10
1 21 2 21
37 7 37 6
28 22 29 22
26 2 26 1
25 2 26 2
24 35 23 35
12 11 13 11
10 7 10 6
12 1 12 0
11 7 10 7
14 11 15 11
13 36 13 37
29 6 29 7
23 18 24 18
19 10 19 11
0 34 0 35
33 12 32 12
29 5 29 6
21 23 21 22
31 15 32 15
28 21 27 21
22 16 22 15
7 22 7 21
34 20 33 20
5 7 6 7
33 20 33 19
34 13 35 13
25 38 25 37
16 18 16 17
31 20 31 19
33 0 33 1
25 19 25 20
22 23 22 24
19 33 19 32
29 26 28 26
5 16 4 16
23 14 22 14
8 4 8 3
31 22 32 22
17 12 18 12
11 23 10 23
12 26 11 26
4 27 4 28
9 33 10 33
14 30 14 29
13 29 13 30
31 31 32 31
3 38 3 37
26 13 27 13
18 14 18 13
17 14 18 14
30 17 31 17
10 33 11 33
13 19 12 19
36 36 36 37
27 7 26 7
27 6 27 7
25 27 25 28
37 32 37 33
27 36 27 35
12 37 11 37
36 21 35 21
30 12 31 12
13 33 13 32
37 26 37 27
27 24 27 25
10 4 10 3
26 15 27 15
12 24 13 24
4 3 4 4
33 10 34 10
16 9 15 9
15 10 16 10
31 24 32 24
36 11 36 12
6 4 6 5
19 35 19 34
20 35 19 35
27 37 27 38
14 27 14 28
17 15 16 15
6 31 6 32
38 13 38 14
37 14 37 13
30 5 31 5
25 37 26 37
5 14 5 13
16 10 17 10
11 18 11 17
16 36 16 37
22 24 23 24
27 9 26 9
13 32 12 32
10 15 10 16
4 22 4 23
8 7 7 7
8 6 8 7
7 6 6 6
6 5 7 5
7 7 7 6
33 2 34 2
22 13 23 13
24 25 23 25
4 15 5 15
9 5 10 5
24 24 24 25
22 14 22 13
17 19 17 18
30 1 30 0
18 19 18 18
34 5 35 5
4 38 4 37
0 14 0 15
27 5 27 4
1 31 2 31
7 36 7 35
10 38 9 38
32 17 33 17
11 26 11 25
22 21 21 21
20 17 20 18
27 35 27 34
23 36 24 36
22 37 22 36
7 28 8 28
35 10 35 11
34 9 35 9
2 31 2 30
7 25 6 25
5 30 6 30
32 35 32 34
25 5 25 6
26 3 27 3
24 18 24 19
28 6 28 5
9 32 8 32
29 38 30 38
32 34 33 34
24 36 24 35
29 6 28 6
3 4 3 3
23 38 23 37
18 31 18 30
35 11 36 11
31 35 31 36
15 27 15 26
151
6 3 3 3
8 3 6 3
10 3 8 3
10 5 10 3
10 6 10 5
10 7 10 6
8 7 10 7
8 9 8 7
8 11 8 9
6 0 6 3
13 7 10 7
15 7 13 7
15 6 15 7
15 9 15 7
15 11 15 9
16 11 15 11
13 11 15 11
19 11 16 11
19 14 19 11
13 15 13 11
13 16 13 15
13 18 13 16
16 15 13 15
10 16 13 16
8 16 10 16
4 16 8 16
4 14 4 16
1 14 4 14
3 8 3 3
4 8 3 8
4 21 4 16
5 21 4 21
7 21 5 21
7 24 7 21
10 21 7 21
7 27 7 24
9 27 7 27
11 27 9 27
13 1 13 7
13 24 7 24
16 24 13 24
13 30 13 24
16 30 13 30
16 31 16 30
18 30 16 30
20 30 18 30
21 30 20 30
18 33 18 30
20 33 18 33
20 37 20 33
23 37 20 37
21 26 21 30
18 26 21 26
16 37 20 37
13 37 16 37
11 37 13 37
11 33 11 37
1 20 1 14
1 23 1 20
0 0 6 0
25 11 19 11
25 8 25 11
25 6 25 8
29 8 25 8
29 7 29 8
30 7 29 7
29 10 29 8
30 10 29 10
34 10 30 10
34 12 34 10
34 7 34 10
29 14 29 10
38 10 34 10
38 11 38 10
38 14 38 11
36 14 38 14
34 16 34 12
34 19 34 16
33 19 34 19
32 19 33 19
32 22 32 19
32 24 32 22
33 24 32 24
32 29 32 24
32 31 32 29
35 31 32 31
35 33 35 31
35 36 35 33
32 36 35 36
26 31 32 31
25 31 26 31
38 2 38 10
5 29 5 21
23 16 34 16
14 21 12 21
14 20 14 21
21 21 14 21
21 22 21 21
22 22 21 22
25 22 22 22
21 15 21 21
25 28 25 22
22 28 25 28
28 28 25 28
28 26 28 28
27 26 28 26
27 25 27 26
27 23 27 25
28 23 27 23
28 17 28 23
31 17 28 17
31 19 31 17
33 17 31 17
22 35 22 28
22 36 22 35
31 36 22 36
31 34 31 36
33 34 31 34
34 34 33 34
2 30 2 29
2 33 2 30
1 33 2 33
2 37 2 33
2 38 2 37
6 30 2 30
8 30 6 30
8 32 8 30
8 33 8 32
7 33 8 33
8 36 8 33
9 36 8 36
9 38 9 36
6 38 9 38
12 32 8 32
14 32 12 32
17 32 14 32
17 31 17 32
12 28 12 32
6 26 6 30
17 38 9 38
28 2 27 2
28 5 28 2
34 2 28 2
36 2 34 2
36 1 36 2
36 0 36 1
22 5 28 5
22 8 22 5
24 8 22 8
24 9 24 8
24 10 24 9
