87
4 2 4 3
2 6 3 6
2 7 2 6
18 20 17 20
7 10 7 9
1 23 1 22
7 9 6 9
9 12 9 13
15 17 15 16
10 19 9 19
2 20 1 20
2 21 2 20
21 1 20 1
9 19 8 19
9 20 9 19
8 20 9 20
5 19 5 20
2 17 2 16
3 9 2 9
4 17 5 17
4 16 4 17
0 7 1 7
6 11 6 12
6 12 7 12
12 14 12 15
15 1 16 1
1 6 1 5
0 13 0 12
12 5 12 4
19 6 18 6
19 5 19 6
14 19 14 18
14 18 15 18
13 21 12 21
8 7 9 7
8 8 8 7
12 15 13 15
10 5 11 5
8 9 8 8
7 8 7 9
2 12 2 11
1 12 2 12
12 8 12 7
11 8 12 8
18 7 18 8
9 11 10 11
21 9 22 9
21 8 21 9
8 12 9 12
0 8 0 9
9 16 10 16
16 18 17 18
1 18 1 17
8 1 8 0
5 22 5 21
6 22 5 22
6 21 6 22
6 9 6 8
16 22 15 22
3 19 3 18
4 3 3 3
7 9 7 10
9 21 10 21
22 7 21 7
5 3 4 3
9 17 10 17
16 9 15 9
8 2 8 1
10 9 9 9
9 18 8 18
8 14 7 14
11 19 12 19
9 9 9 10
6 3 6 4
11 14 11 15
9 12 10 12
12 6 11 6
19 9 19 10
10 13 10 14
5 18 5 19
10 16 10 15
19 8 19 9
0 14 1 14
9 3 8 3
5 14 5 15
6 16 6 15
18 8 18 9
112
3 1 3 0
4 1 3 1
3 3 3 1
4 3 3 3
6 1 4 1
8 1 6 1
8 3 8 1
3 6 3 3
2 6 3 6
0 6 2 6
2 9 2 6
0 9 2 9
2 11 2 9
2 12 2 11
0 11 2 11
0 12 0 11
2 15 2 12
2 16 2 15
0 16 2 16
2 18 2 16
3 18 2 18
6 6 3 6
6 5 6 6
6 18 3 18
6 17 6 18
7 18 6 18
8 18 7 18
6 15 6 17
7 15 6 15
5 15 6 15
7 14 7 15
8 15 7 15
7 12 7 14
10 15 8 15
11 15 10 15
10 14 10 15
7 10 7 12
10 17 10 15
10 18 10 17
11 18 10 18
10 20 10 18
9 20 10 20
11 20 10 20
10 21 10 20
10 22 10 21
10 12 10 14
11 12 10 12
10 11 10 12
11 11 11 12
11 10 11 11
11 9 11 10
9 10 11 10
13 15 11 15
13 16 13 15
14 16 13 16
15 16 14 16
15 15 15 16
15 18 15 16
15 20 15 18
15 22 15 20
5 10 7 10
13 22 15 22
13 12 11 12
13 9 11 9
14 9 13 9
15 9 14 9
18 9 15 9
19 9 18 9
21 9 19 9
22 9 21 9
21 7 21 9
19 6 19 9
18 6 19 6
18 4 18 6
7 7 7 10
8 7 7 7
9 7 8 7
3 21 3 18
3 22 3 21
1 22 3 22
0 22 1 22
0 21 0 22
5 22 3 22
5 21 5 22
5 20 5 21
11 6 11 9
11 5 11 6
11 4 11 5
12 4 11 4
12 2 12 4
12 1 12 2
13 2 12 2
19 2 13 2
22 15 22 9
22 16 22 15
23 15 22 15
22 18 22 16
21 0 21 7
23 0 21 0
5 19 4 19
4 21 4 19
8 19 5 19
9 19 8 19
8 22 8 19
9 22 8 22
6 22 8 22
6 23 6 22
12 23 6 23
12 21 12 23
12 19 12 21
17 23 12 23
17 21 17 23
