182
9 13 9 12
5 13 5 14
20 35 20 34
0 14 0 13
22 27 22 28
25 32 26 32
25 33 25 32
30 10 31 10
31 25 32 25
22 28 21 28
23 28 22 28
15 8 16 8
34 23 33 23
32 25 32 24
35 26 35 25
35 25 34 25
29 10 30 10
10 0 11 0
29 25 28 25
27 29 28 29
11 0 11 1
30 6 30 7
8 0 8 1
3 0 3 1
1 23 0 23
2 24 1 24
30 1 30 2
6 20 6 21
34 18 33 18
11 16 11 17
24 8 23 8
30 7 29 7
17 11 17 10
15 33 15 34
1 35 0 35
35 6 34 6
34 2 35 2
35 32 34 32
17 32 17 31
10 24 10 23
9 24 10 24
10 34 10 35
31 15 30 15
31 14 30 14
20 11 20 10
22 10 22 9
19 24 18 24
28 16 27 16
6 2 6 1
7 2 7 1
16 31 16 32
19 32 19 33
17 20 16 20
2 9 2 10
1 9 1 10
23 8 23 9
23 27 23 28
19 26 19 27
21 6 22 6
17 24 16 24
8 6 7 6
20 1 20 0
19 3 19 2
28 15 28 16
32 35 31 35
6 28 7 28
3 14 4 14
20 7 20 6
29 31 30 31
25 8 24 8
4 35 3 35
22 14 22 15
1 4 1 3
7 6 7 7
18 3 19 3
19 2 18 2
8 2 7 2
12 6 12 7
8 26 8 25
32 28 32 29
13 3 14 3
20 10 19 10
10 3 11 3
14 31 13 31
10 8 10 7
0 0 0 1
7 30 6 30
29 5 28 5
34 1 33 1
17 10 18 10
21 32 22 32
20 31 19 31
4 29 5 29
28 22 29 22
10 23 10 22
29 13 29 14
13 8 12 8
32 29 32 30
33 29 32 29
3 25 2 25
22 28 22 27
12 8 12 9
33 3 33 4
10 11 10 12
30 27 31 27
8 10 8 9
9 10 8 10
25 21 25 22
10 31 11 31
13 1 13 2
20 22 20 21
22 21 21 21
12 20 13 20
26 8 26 7
27 28 27 27
10 30 10 31
23 25 24 25
0 19 0 20
18 4 18 5
12 14 12 13
18 30 18 29
27 0 28 0
25 2 24 2
21 3 21 4
22 1 22 0
16 21 16 22
15 24 14 24
17 8 18 8
20 25 19 25
26 25 26 24
13 22 12 22
18 8 18 7
10 12 11 12
3 6 3 5
14 7 13 7
26 18 26 17
33 28 33 27
20 21 19 21
3 24 2 24
17 13 16 13
18 15 17 15
9 18 9 17
34 31 33 31
24 16 24 15
10 31 9 31
32 16 32 17
22 5 21 5
30 29 30 30
7 24 7 23
16 8 16 7
16 1 17 1
1 3 0 3
3 8 3 9
23 20 23 21
31 7 31 6
26 2 27 2
7 23 7 22
32 29 32 28
7 2 7 3
3 2 3 3
22 4 22 5
22 15 21 15
13 25 12 25
4 22 3 22
22 11 21 11
34 26 35 26
1 2 0 2
12 5 13 5
11 35 12 35
13 26 12 26
34 29 34 28
26 4 27 4
26 7 27 7
26 29 27 29
35 29 35 30
18 7 19 7
26 10 27 10
16 11 17 11
16 12 17 12
17 12 17 13
27 16 27 17
26 16 27 16
117
13 2 10 2
13 0 13 2
13 5 13 2
13 7 13 5
12 7 13 7
10 7 12 7
12 9 12 7
16 7 13 7
16 9 16 7
19 7 16 7
19 5 19 7
18 5 19 5
19 10 19 7
18 2 18 5
12 13 12 9
10 13 12 13
8 9 12 9
8 10 8 9
6 9 8 9
3 9 6 9
12 18 12 13
12 22 12 18
10 22 12 22
8 22 10 22
7 22 8 22
12 25 12 22
12 26 12 25
15 22 12 22
16 22 15 22
16 20 16 22
3 22 7 22
3 23 3 22
0 23 3 23
0 26 0 23
1 26 0 26
1 28 1 26
12 31 12 26
13 31 12 31
17 31 13 31
21 20 16 20
21 21 21 20
23 21 21 21
23 24 23 21
25 24 23 24
26 24 25 24
28 24 26 24
26 26 26 24
26 28 26 26
26 30 26 28
26 32 26 30
26 34 26 32
32 24 28 24
30 30 26 30
30 31 30 30
30 32 30 31
32 30 30 30
32 28 32 30
34 28 32 28
35 28 34 28
35 26 35 28
35 30 35 28
35 21 35 26
21 34 26 34
20 34 21 34
19 34 20 34
15 34 19 34
8 16 8 22
6 16 8 16
5 16 6 16
5 18 5 16
7 28 7 22
21 28 21 34
25 10 19 10
27 10 25 10
27 7 27 10
29 7 27 7
27 4 27 7
25 4 27 4
27 2 27 4
27 1 27 2
33 7 29 7
33 4 33 7
33 1 33 4
27 16 27 10
27 17 27 16
26 17 27 17
22 17 26 17
22 16 22 17
32 17 27 17
6 0 13 0
5 0 6 0
1 0 5 0
29 14 29 7
29 15 29 14
3 31 3 23
3 35 3 31
7 35 3 35
7 34 7 35
0 13 10 13
31 10 31 8
34 8 31 8
34 6 34 8
34 13 34 8
34 14 34 13
34 19 34 14
31 16 31 10
34 25 34 19
28 25 34 25
28 29 28 25
27 19 34 19
27 18 27 19
27 22 27 19
21 19 27 19
21 15 21 19
24 15 21 15
17 15 21 15
17 13 17 15
