239
1 7 1 6
13 1 13 0
6 6 6 5
5 5 5 6
6 5 5 5
5 3 5 2
11 6 11 7
10 6 11 6
6 3 5 3
6 2 6 3
5 2 6 2
4 1 5 1
16 10 15 10
17 10 16 10
17 9 17 10
11 11 12 11
9 8 10 8
9 9 9 8
10 9 9 9
10 8 10 9
6 4 6 5
15 4 16 4
15 3 15 4
10 11 11 11
3 1 4 1
9 1 9 2
10 1 9 1
9 11 10 11
10 0 10 1
9 0 10 0
9 1 9 0
11 11 11 12
7 11 8 11
12 15 12 16
13 16 13 15
12 16 13 16
11 16 12 16
11 17 11 16
10 17 11 17
10 16 10 17
11 16 10 16
11 17 11 16
10 17 11 17
10 16 10 17
8 11 8 10
19 8 19 9
10 5 10 6
9 6 9 5
18 1 17 1
17 1 17 0
18 2 18 1
19 2 18 2
18 20 17 20
20 2 19 2
3 10 4 10
16 6 16 7
19 13 18 13
18 13 17 13
18 14 18 13
15 6 16 6
15 5 15 6
17 13 17 14
14 16 15 16
14 17 14 16
13 17 14 17
13 16 13 17
14 16 13 16
14 17 14 16
13 17 14 17
4 13 4 12
5 13 4 13
5 12 5 13
18 9 17 9
18 10 18 9
12 3 12 2
11 3 12 3
18 11 18 10
19 11 18 11
20 11 19 11
16 18 15 18
16 17 16 18
14 14 14 15
0 11 0 10
1 11 0 11
8 19 8 20
8 17 8 18
7 17 8 17
7 16 7 17
8 16 7 16
8 17 8 16
14 11 15 11
5 20 4 20
6 17 6 18
18 4 17 4
18 5 18 4
7 17 8 17
7 16 7 17
18 6 18 5
6 16 7 16
7 17 6 17
4 16 4 17
5 16 4 16
8 18 7 18
5 14 4 14
6 14 5 14
14 12 14 11
15 12 14 12
15 11 15 12
19 12 19 13
19 11 19 12
20 19 21 19
19 19 20 19
2 19 3 19
19 18 19 19
19 6 18 6
19 5 19 6
5 17 5 16
5 19 5 18
1 9 1 10
4 17 5 17
4 18 4 17
5 18 4 18
18 5 19 5
18 6 18 5
19 6 18 6
19 7 19 8
20 7 19 7
3 21 2 21
6 20 5 20
6 19 6 20
20 8 21 8
19 8 20 8
19 7 19 8
20 18 19 18
20 14 20 13
9 5 10 5
9 4 9 5
8 6 9 6
9 5 8 5
20 15 20 14
20 16 20 15
21 16 20 16
13 18 13 17
9 18 9 19
10 18 9 18
12 18 13 18
7 3 7 4
9 3 9 4
8 3 9 3
8 4 8 3
7 4 8 4
3 15 3 14
10 17 10 18
9 15 9 14
10 15 9 15
9 17 10 17
20 6 20 7
21 6 20 6
21 7 21 6
18 15 18 14
19 15 18 15
17 2 17 1
16 2 17 2
16 3 15 3
11 19 11 18
15 2 16 2
15 3 15 2
14 3 15 3
16 0 16 1
17 0 16 0
17 1 17 0
16 12 17 12
16 11 16 12
17 11 16 11
3 16 3 15
4 16 3 16
4 15 4 16
16 16 16 17
15 16 16 16
15 15 15 16
10 1 9 1
6 7 6 6
7 19 6 19
7 18 7 19
6 18 7 18
4 21 3 21
4 20 4 21
3 20 4 20
19 14 19 15
10 19 11 19
16 15 15 15
10 18 10 19
11 18 10 18
11 19 11 18
5 15 4 15
1 19 2 19
0 19 1 19
0 18 0 19
1 18 0 18
1 19 1 18
0 19 1 19
0 20 0 21
1 20 0 20
1 19 1 20
2 19 1 19
2 20 2 19
3 6 2 6
3 7 3 6
2 21 2 20
2 7 3 7
16 14 16 15
10 19 11 19
10 20 10 19
11 20 10 20
16 20 16 21
6 12 5 12
10 14 10 15
9 14 10 14
9 15 9 14
16 19 16 20
15 19 16 19
15 20 15 19
11 19 11 20
10 2 10 1
11 2 10 2
11 1 11 2
10 19 11 19
10 20 10 19
10 21 10 20
11 21 10 21
0 7 1 7
0 6 0 7
1 6 0 6
8 7 8 6
7 7 8 7
7 6 7 7
20 14 19 14
20 13 20 14
19 13 20 13
160
8 2 8 0
8 3 8 2
8 4 8 3
9 3 8 3
9 4 8 4
10 4 9 4
9 6 9 4
10 6 9 6
10 7 10 6
12 4 10 4
12 3 12 4
12 5 12 4
12 2 12 3
12 1 12 2
10 9 10 7
14 1 12 1
14 2 14 1
10 11 10 9
10 12 10 11
14 4 14 2
15 4 14 4
14 6 14 4
12 11 10 11
13 11 12 11
12 13 12 11
12 14 12 13
13 14 12 14
12 16 12 14
11 16 12 16
13 16 12 16
13 17 13 16
15 14 13 14
15 13 15 14
15 12 15 13
9 16 11 16
8 16 9 16
7 16 8 16
9 14 9 16
8 14 9 14
10 14 9 14
15 10 15 12
15 9 15 10
16 9 15 9
17 9 16 9
18 9 17 9
19 9 18 9
7 18 7 16
18 7 18 9
18 6 18 7
17 7 18 7
18 5 18 6
17 6 18 6
20 7 18 7
17 14 15 14
17 15 17 14
18 14 17 14
17 16 17 15
19 14 18 14
19 12 19 14
4 18 7 18
4 17 4 18
4 16 4 17
2 18 4 18
1 18 2 18
2 19 2 18
1 17 1 18
2 20 2 19
2 17 2 18
1 16 1 17
6 11 10 11
4 4 8 4
3 4 4 4
4 6 4 4
5 6 4 6
6 6 5 6
3 2 3 4
2 2 3 2
3 0 3 2
6 8 6 6
6 9 6 8
6 0 3 0
2 5 1 5
2 4 2 5
3 5 2 5
3 6 3 5
3 7 3 6
3 8 3 7
4 7 3 7
4 8 3 8
4 9 4 8
3 9 3 8
3 11 3 9
2 11 3 11
1 7 3 7
0 11 2 11
3 21 0 21
3 19 3 21
4 19 3 19
6 19 4 19
7 19 6 19
9 19 7 19
9 18 9 19
10 19 9 19
10 18 9 18
10 20 10 19
11 20 10 20
11 19 10 19
13 20 11 20
13 19 13 20
15 1 15 0
16 1 15 1
16 2 16 1
18 1 16 1
19 1 18 1
19 0 19 1
20 1 19 1
16 4 16 2
16 5 16 4
20 3 20 1
20 4 20 3
19 4 20 4
19 5 19 4
16 16 16 15
16 17 16 16
15 17 16 17
17 17 16 17
14 17 15 17
17 18 17 17
18 17 17 17
18 18 17 18
19 18 18 18
21 18 19 18
21 17 21 18
18 21 18 18
19 21 18 21
20 6 20 5
21 6 20 6
21 8 21 6
21 9 21 8
21 10 21 9
20 10 21 10
18 10 20 10
17 10 18 10
17 12 17 10
2 12 1 12
2 13 2 12
3 12 2 12
3 13 2 13
4 12 3 12
4 11 4 12
5 12 4 12
7 12 5 12
7 7 7 5
7 8 7 7
8 7 7 7
8 8 7 8
9 8 8 8
7 9 7 8
7 10 7 9
11 8 11 7
