393
11 13 11 12
14 17 15 17
14 18 14 17
15 18 14 18
20 15 20 14
15 13 14 13
28 9 27 9
26 7 26 8
17 12 17 11
27 9 27 10
27 10 26 10
25 13 25 12
4 28 3 28
26 8 25 8
24 18 23 18
4 16 4 15
17 11 16 11
23 8 22 8
3 13 3 12
16 20 16 19
8 13 7 13
2 15 2 14
15 25 15 26
5 11 4 11
0 19 1 19
7 13 6 13
15 17 15 18
4 8 4 7
5 8 4 8
24 11 25 11
21 18 22 18
21 13 22 13
23 7 23 6
28 7 28 8
26 6 26 7
8 16 8 17
15 27 15 28
25 11 25 10
26 10 26 11
15 26 15 27
16 26 15 26
24 16 25 16
21 22 21 23
16 15 15 15
15 16 16 16
25 8 25 9
8 17 8 18
19 4 19 3
3 3 2 3
29 9 28 9
22 18 22 17
14 23 15 23
12 22 12 23
13 22 12 22
12 23 13 23
11 24 12 24
2 13 3 13
1 27 1 26
16 21 16 20
14 22 13 22
13 23 14 23
21 19 21 18
27 2 27 1
3 21 4 21
2 20 3 20
20 5 20 6
16 4 16 3
29 5 28 5
27 5 27 4
26 5 27 5
26 4 26 5
25 12 25 11
28 2 29 2
20 7 21 7
4 13 5 13
13 2 12 2
20 6 21 6
25 23 24 23
1 26 0 26
20 16 19 16
21 8 21 9
19 8 20 8
5 26 4 26
25 0 24 0
4 27 4 28
20 2 19 2
20 1 20 2
19 1 20 1
21 23 22 23
18 27 18 28
2 27 1 27
2 28 1 28
17 27 16 27
9 5 10 5
20 2 21 2
20 1 20 2
16 27 16 26
20 17 20 16
21 17 20 17
21 18 22 18
7 22 8 22
14 1 14 2
15 1 14 1
26 9 27 9
27 4 26 4
27 5 27 4
14 2 14 3
25 24 25 25
8 11 8 10
9 11 8 11
9 10 9 11
1 28 1 29
24 3 24 2
2 29 2 28
8 5 9 5
8 10 9 10
5 3 5 4
8 0 8 1
3 28 3 29
9 6 8 6
9 7 9 6
8 7 9 7
6 11 6 12
22 17 21 17
27 16 26 16
20 29 20 28
27 4 27 3
26 4 27 4
20 28 20 27
10 27 11 27
7 23 6 23
1 23 1 24
27 18 27 17
5 17 4 17
22 23 23 23
8 29 9 29
5 19 4 19
26 12 27 12
1 11 2 11
26 7 26 8
25 7 26 7
9 5 9 4
26 22 26 21
7 0 8 0
8 1 7 1
24 7 25 7
26 23 26 22
25 22 25 23
22 24 23 24
22 25 22 24
20 27 19 27
2 11 2 10
3 11 2 11
3 10 3 11
25 18 25 19
8 28 8 29
29 3 28 3
13 9 14 9
8 0 8 1
15 5 14 5
11 10 11 11
12 10 11 10
3 12 2 12
17 2 16 2
17 3 17 2
16 3 17 3
11 2 11 3
14 3 13 3
3 11 3 12
16 2 15 2
15 3 16 3
4 15 3 15
20 22 20 21
14 9 15 9
14 10 14 9
19 17 19 18
7 25 6 25
20 23 20 22
20 17 19 17
20 16 20 17
7 28 8 28
22 24 22 23
23 24 22 24
17 22 17 23
18 22 17 22
7 27 7 28
11 19 10 19
28 20 29 20
26 21 26 20
27 21 26 21
27 20 27 21
8 25 8 24
12 6 11 6
29 25 29 24
12 5 12 6
11 5 12 5
11 6 11 5
8 14 9 14
14 27 14 28
17 23 17 24
2 23 1 23
2 24 2 23
1 24 2 24
7 17 8 17
7 16 7 17
26 28 25 28
26 27 26 28
25 27 26 27
9 21 8 21
9 22 9 21
8 22 9 22
9 0 9 1
12 6 11 6
8 26 8 25
7 26 8 26
12 28 13 28
12 27 12 28
13 27 12 27
26 28 27 28
27 28 27 29
16 28 17 28
13 14 12 14
12 13 13 13
18 11 17 11
12 26 13 26
12 27 12 26
17 2 16 2
18 15 17 15
18 16 18 15
17 3 17 2
18 3 17 3
18 2 18 3
9 4 8 4
14 11 14 10
5 4 6 4
7 6 7 5
24 23 24 22
1 16 1 17
13 15 14 15
2 0 2 1
26 29 26 28
16 22 16 21
9 27 10 27
22 2 22 3
12 21 13 21
28 27 28 28
29 27 28 27
2 26 2 25
22 3 23 3
14 10 15 10
16 26 17 26
11 15 12 15
11 21 12 21
11 22 11 21
12 22 11 22
7 5 6 5
13 22 12 22
1 8 1 7
0 15 0 16
24 26 23 26
20 0 21 0
25 28 24 28
25 29 25 28
0 4 1 4
0 3 0 4
1 3 0 3
0 0 0 1
14 14 15 14
2 8 1 8
2 7 2 8
1 7 2 7
23 13 23 14
12 7 12 8
2 5 2 6
8 19 7 19
8 20 8 19
7 20 8 20
10 14 10 13
7 15 7 14
9 3 9 2
10 3 9 3
10 2 10 3
7 19 7 18
6 15 6 16
14 13 14 12
29 7 28 7
29 6 29 7
18 9 17 9
9 18 9 19
26 5 26 4
25 5 26 5
25 4 25 5
0 26 0 25
7 10 6 10
17 16 18 16
17 17 17 16
18 17 17 17
12 25 13 25
26 11 26 12
27 11 26 11
27 12 27 11
18 7 17 7
4 24 4 25
12 26 12 25
4 21 5 21
21 2 21 1
27 19 27 18
26 19 27 19
26 18 26 19
15 23 15 24
22 8 22 9
1 17 2 17
5 14 6 14
16 19 17 19
10 15 10 14
21 29 21 28
22 20 22 19
19 20 19 21
18 20 19 20
18 21 18 20
5 9 5 8
6 9 5 9
27 19 27 20
21 3 22 3
1 23 1 22
24 13 23 13
11 4 12 4
10 17 9 17
10 16 10 17
9 16 10 16
21 0 22 0
24 28 23 28
14 1 13 1
14 0 14 1
13 0 14 0
2 7 3 7
2 8 2 7
3 8 2 8
13 1 13 0
17 2 18 2
17 3 17 2
18 3 17 3
9 9 10 9
14 1 13 1
14 0 14 1
13 0 14 0
13 1 13 0
14 1 13 1
14 0 14 1
13 0 14 0
13 1 13 0
15 24 15 25
24 0 24 1
23 20 22 20
23 21 23 20
6 6 6 7
9 1 10 1
24 21 24 20
8 4 8 3
14 1 13 1
14 0 14 1
13 0 14 0
13 1 13 0
24 14 24 13
25 14 24 14
6 12 7 12
13 5 13 6
12 5 13 5
25 15 25 14
24 15 25 15
24 14 24 15
9 17 9 16
14 1 13 1
14 0 14 1
13 0 14 0
24 15 24 16
25 14 24 14
25 15 25 14
13 1 13 0
10 17 9 17
10 16 10 17
9 16 10 16
14 1 13 1
14 0 14 1
13 0 14 0
13 1 13 0
9 17 9 16
10 17 9 17
10 18 10 17
14 1 13 1
14 0 14 1
13 0 14 0
13 1 13 0
106
6 0 3 0
3 5 3 0
6 5 3 5
6 7 6 5
6 8 6 7
5 7 6 7
5 8 6 8
6 10 6 8
5 10 6 10
9 8 6 8
5 13 5 10
3 13 5 13
5 15 5 13
3 15 3 13
1 15 3 15
2 10 5 10
12 8 9 8
12 9 12 8
14 9 12 9
12 12 12 9
11 12 12 12
12 14 12 12
12 15 12 14
14 12 12 12
14 15 12 15
15 15 14 15
17 15 15 15
15 18 15 15
15 20 15 18
16 20 15 20
18 20 16 20
19 20 18 20
20 20 19 20
20 21 20 20
3 18 3 15
12 4 12 8
12 2 12 4
10 4 12 4
10 5 10 4
15 2 12 2
15 6 15 2
16 6 15 6
7 18 3 18
8 18 7 18
7 21 7 18
5 21 7 21
7 24 7 21
7 28 7 24
7 29 7 28
8 29 7 29
18 25 18 20
18 26 18 25
17 26 18 26
15 26 17 26
15 25 15 26
15 22 15 25
12 22 15 22
11 22 12 22
10 22 11 22
12 24 12 22
5 27 5 21
1 27 5 27
25 25 18 25
25 23 25 25
27 23 25 23
29 23 27 23
23 13 23 12
24 12 23 12
24 13 23 13
24 14 24 13
23 14 23 13
22 14 23 14
26 13 24 13
26 12 26 13
26 11 26 12
28 12 26 12
28 11 28 12
20 14 22 14
26 8 26 11
26 7 26 8
24 8 26 8
28 7 26 7
26 5 26 7
26 4 26 5
28 5 26 5
22 4 26 4
20 4 22 4
20 10 20 14
20 8 20 4
18 8 20 8
23 18 23 14
22 18 23 18
27 18 23 18
27 17 27 18
28 17 27 17
27 15 27 17
9 13 6 13
10 13 9 13
10 12 10 13
10 14 10 13
10 16 10 14
10 17 10 16
9 16 10 16
9 17 10 17
10 19 10 17
12 19 10 19
