88
31 10 31 11
16 19 16 18
7 20 7 21
32 31 33 31
5 34 4 34
37 10 36 10
37 9 36 9
12 28 11 28
20 22 19 22
1 2 2 2
13 10 14 10
4 9 4 8
37 18 37 17
34 31 34 30
1 12 0 12
3 29 2 29
28 7 27 7
1 36 0 36
3 4 4 4
23 24 23 25
6 5 6 6
3 37 4 37
19 22 19 23
31 31 31 32
37 35 37 36
14 15 15 15
24 16 25 16
20 29 21 29
18 8 18 7
31 3 32 3
10 5 9 5
8 20 7 20
5 5 4 5
27 29 28 29
18 10 17 10
31 33 32 33
13 9 13 8
10 4 10 5
26 12 26 11
32 33 32 32
0 25 1 25
4 4 4 3
34 35 34 34
6 7 5 7
27 16 27 17
14 20 13 20
20 17 20 18
30 4 30 3
19 27 19 28
36 5 36 6
29 9 30 9
14 32 14 33
4 34 4 33
25 31 25 30
36 22 36 23
33 10 32 10
17 17 17 16
14 10 14 11
0 12 0 13
26 24 25 24
0 29 1 29
30 23 29 23
7 21 8 21
13 20 13 21
18 7 18 6
26 31 26 32
34 26 35 26
5 8 5 9
29 15 29 14
5 12 5 13
9 15 9 16
22 20 22 21
36 23 35 23
12 8 12 9
30 31 29 31
22 2 23 2
20 13 19 13
33 37 33 36
21 20 21 19
9 26 9 25
11 29 12 29
25 16 25 15
17 26 17 25
20 11 21 11
10 29 11 29
20 30 20 31
6 11 5 11
6 9 7 9
111
4 33 4 32
7 32 4 32
7 31 7 32
7 33 7 32
4 37 4 33
2 37 4 37
11 31 7 31
11 29 11 31
11 28 11 29
11 36 11 31
14 36 11 36
16 36 14 36
14 33 14 36
16 33 14 33
17 33 16 33
25 33 17 33
27 33 25 33
25 37 25 33
17 25 17 33
23 25 17 25
17 19 17 25
17 16 17 19
21 19 17 19
21 16 21 19
21 15 21 16
21 13 21 15
19 13 21 13
21 11 21 13
19 9 19 13
18 9 19 9
16 9 18 9
16 11 16 9
14 11 16 11
18 6 18 9
25 15 21 15
25 17 25 15
27 17 25 17
18 2 18 6
14 7 14 11
14 6 14 7
26 11 21 11
30 11 26 11
31 11 30 11
30 9 30 11
33 9 30 9
36 9 33 9
36 8 36 9
36 10 36 9
36 6 36 8
26 6 26 11
26 4 26 6
26 0 26 4
29 0 26 0
23 2 18 2
11 19 17 19
7 11 14 11
7 9 7 11
5 11 7 11
5 9 7 9
5 13 5 11
3 9 5 9
5 15 5 13
7 6 7 9
6 6 7 6
9 13 5 13
9 16 9 13
7 16 9 16
1 15 5 15
7 20 7 16
5 20 7 20
12 9 7 9
9 25 17 25
2 29 2 37
1 29 2 29
1 26 1 29
1 25 1 26
30 19 30 11
33 19 30 19
8 2 18 2
8 0 8 2
2 2 8 2
2 0 2 2
33 31 33 19
37 31 33 31
29 31 33 31
29 35 29 31
29 36 29 35
33 36 29 36
37 36 33 36
29 23 29 31
20 31 29 31
19 23 29 23
27 5 27 4
29 4 27 4
27 7 27 5
30 5 27 5
30 3 30 5
32 3 30 3
34 3 32 3
30 8 30 5
27 10 27 7
35 8 30 8
35 1 35 8
37 1 35 1
37 12 37 1
4 5 4 3
4 8 4 5
8 3 4 3
9 3 8 3
9 5 9 3
10 5 9 5
