172
30 7 30 8
27 23 28 23
27 20 27 19
0 29 1 29
31 4 31 3
32 4 31 4
29 1 29 0
23 5 22 5
29 2 29 1
1 0 1 1
26 6 26 7
2 2 1 2
32 12 31 12
32 3 32 2
26 25 27 25
20 4 20 3
26 17 27 17
32 26 31 26
31 27 32 27
31 9 31 8
11 30 11 31
3 1 2 1
30 32 30 31
20 7 21 7
28 9 29 9
13 5 14 5
0 27 1 27
2 22 1 22
10 19 10 20
15 3 15 2
4 11 4 10
3 11 4 11
20 10 20 9
21 28 21 29
18 32 18 31
9 3 8 3
15 14 15 13
24 27 24 26
21 19 22 19
20 20 21 20
1 5 0 5
16 7 15 7
0 8 1 8
14 0 14 1
26 11 27 11
19 16 19 17
17 31 16 31
17 30 17 31
13 31 13 32
15 12 16 12
8 14 9 14
9 15 8 15
9 14 9 15
5 16 5 15
29 20 30 20
15 13 16 13
10 20 9 20
12 28 12 29
23 26 23 27
20 3 21 3
10 16 11 16
19 15 19 16
29 4 29 3
5 17 5 16
11 31 10 31
7 26 7 27
19 29 20 29
10 13 11 13
13 7 13 6
27 8 26 8
12 21 11 21
21 7 21 8
13 16 14 16
10 28 10 29
22 1 22 0
14 24 13 24
7 8 7 7
16 21 17 21
22 22 22 23
16 20 17 20
0 10 1 10
17 1 17 2
24 10 23 10
7 13 8 13
13 6 13 5
14 5 14 6
3 10 3 9
9 7 10 7
16 28 15 28
31 2 30 2
15 28 15 29
5 31 6 31
20 14 20 15
9 15 9 16
15 15 15 14
10 22 11 22
30 25 29 25
16 12 16 11
22 14 23 14
8 22 8 23
23 9 24 9
24 1 25 1
27 7 27 8
17 29 18 29
4 15 4 16
6 0 6 1
10 7 10 6
25 25 26 25
19 12 19 11
15 29 16 29
8 25 8 26
31 5 31 6
4 6 3 6
4 5 4 6
15 24 16 24
31 4 31 5
32 5 32 4
14 30 13 30
4 19 3 19
16 19 16 20
3 6 3 7
4 6 3 6
11 20 11 19
23 14 23 13
19 17 20 17
7 19 8 19
29 23 29 24
10 24 11 24
27 11 27 12
16 11 17 11
5 11 6 11
16 27 16 26
5 14 4 14
10 27 9 27
17 28 16 28
1 15 1 14
10 10 11 10
19 4 20 4
4 8 5 8
13 1 12 1
28 23 28 24
21 27 20 27
11 22 11 23
0 20 0 21
18 1 18 2
22 5 22 6
31 18 31 19
21 12 21 11
32 27 32 28
0 5 0 4
16 24 16 23
13 24 13 23
22 2 22 3
30 6 29 6
16 13 16 12
9 24 8 24
8 20 7 20
4 16 4 17
31 26 31 27
2 15 3 15
1 21 2 21
14 18 14 17
8 3 8 4
14 6 14 7
4 21 3 21
32 25 32 26
18 14 19 14
2 13 3 13
25 1 26 1
15 6 14 6
6 4 6 3
14 9 13 9
127
3 0 0 0
8 0 3 0
8 1 8 0
8 4 8 1
5 4 8 4
5 7 5 4
5 8 5 7
3 7 5 7
3 6 3 7
3 8 3 7
3 9 3 8
8 8 5 8
9 8 8 8
0 7 3 7
0 4 0 7
3 13 3 9
5 13 3 13
3 15 3 13
5 15 5 13
6 15 5 15
8 15 6 15
8 13 8 15
8 12 8 13
0 15 3 15
0 16 0 15
0 13 0 15
3 19 3 15
3 21 3 19
2 21 3 21
3 23 3 21
3 24 3 23
0 21 2 21
12 1 8 1
14 1 12 1
14 4 14 1
14 6 14 4
14 7 14 6
15 7 14 7
12 7 14 7
8 19 8 15
11 19 8 19
11 21 11 19
11 23 11 21
11 24 11 23
9 23 11 23
8 23 9 23
8 24 8 23
13 23 11 23
8 26 8 24
8 28 8 26
13 26 13 23
16 23 13 23
16 25 16 23
16 26 16 25
16 28 16 26
11 28 8 28
13 28 11 28
13 30 13 28
13 32 13 30
19 28 16 28
19 30 19 28
15 19 11 19
15 16 15 19
15 14 15 16
19 16 15 16
19 14 19 16
24 28 19 28
28 28 24 28
24 32 24 28
32 28 28 28
32 26 32 28
32 32 32 28
24 14 19 14
24 9 24 14
26 9 24 9
20 9 24 9
20 12 20 9
20 4 20 9
20 1 20 4
26 26 32 26
26 25 26 26
26 23 26 25
22 23 26 23
22 20 22 23
22 19 22 20
30 23 26 23
30 20 30 23
26 18 26 23
25 18 26 18
26 16 26 18
32 16 26 16
24 2 24 9
30 2 24 2
30 4 30 2
32 2 30 2
32 4 30 4
32 7 32 4
28 7 32 7
3 32 13 32
4 11 4 10
6 11 4 11
11 10 4 10
11 12 11 10
11 13 11 12
11 16 11 13
9 16 11 16
9 17 9 16
14 16 11 16
14 15 14 16
14 17 14 16
16 12 11 12
18 12 16 12
18 10 18 12
18 15 18 12
4 17 4 14
4 18 4 17
4 20 4 18
6 18 4 18
7 18 6 18
7 17 7 18
6 20 4 20
6 31 6 20
3 31 6 31
10 31 6 31
10 29 10 31
8 29 10 29
17 2 15 2
