357
21 23 22 23
22 22 21 22
20 14 20 13
23 4 22 4
15 14 15 13
16 25 15 25
16 26 16 25
14 3 15 3
14 19 15 19
17 18 17 17
13 12 14 12
26 10 26 11
28 10 28 9
17 3 16 3
18 28 18 27
14 0 14 1
10 1 11 1
15 13 14 13
15 15 16 15
13 16 12 16
26 9 26 10
25 9 26 9
23 13 22 13
3 22 2 22
15 3 15 4
16 3 15 3
16 4 16 3
26 18 26 17
9 19 8 19
9 20 9 19
27 7 27 6
5 18 5 19
4 18 5 18
13 3 12 3
13 2 13 3
18 27 18 26
14 15 14 14
17 15 18 15
14 16 14 15
29 9 29 10
25 28 24 28
13 13 13 14
27 14 27 15
28 14 27 14
4 7 4 6
11 1 11 0
10 0 10 1
7 0 7 1
2 0 3 0
29 10 28 10
27 22 27 21
28 22 27 22
2 1 2 0
3 1 2 1
3 0 3 1
28 21 28 20
29 23 28 23
23 11 23 12
8 4 7 4
29 13 30 13
7 14 7 13
16 27 16 26
29 18 28 18
19 9 19 10
15 9 16 9
8 24 7 24
26 21 26 20
1 17 1 16
6 24 6 25
10 14 10 13
9 14 10 14
15 23 15 24
9 11 10 11
9 16 8 16
4 24 5 24
7 25 8 25
29 19 29 18
28 19 29 19
28 18 28 19
1 19 1 18
2 19 1 19
2 18 2 19
5 24 6 24
17 28 18 28
15 27 14 27
16 25 17 25
8 19 8 18
0 17 1 17
0 18 0 17
1 18 0 18
1 17 1 18
30 1 29 1
1 6 2 6
15 29 15 28
14 29 15 29
19 24 19 23
8 29 8 30
12 28 11 28
15 30 14 30
15 29 15 30
27 8 27 7
3 7 3 8
9 19 8 19
1 18 2 18
1 8 1 7
9 2 9 3
4 27 3 27
4 26 4 27
5 12 5 13
6 28 7 28
6 29 6 28
27 9 27 8
26 9 27 9
26 8 26 9
4 10 5 10
27 7 28 7
10 26 9 26
4 27 5 27
28 6 29 6
28 7 28 6
29 7 28 7
5 26 4 26
30 7 29 7
30 6 30 7
29 6 30 6
6 30 7 30
1 7 2 7
2 8 1 8
2 10 3 10
19 19 18 19
10 16 10 17
9 26 9 27
20 19 19 19
20 20 20 19
29 8 29 9
14 14 15 14
6 25 7 25
11 9 10 9
3 28 3 29
4 28 3 28
4 29 4 28
27 8 26 8
29 7 29 8
21 11 22 11
20 12 20 11
28 26 28 25
25 21 25 20
12 10 13 10
30 10 29 10
5 9 6 9
5 10 5 9
6 10 5 10
7 13 8 13
2 13 2 14
2 11 2 10
7 26 8 26
2 14 3 14
11 11 12 11
3 11 2 11
13 23 14 23
19 25 19 24
1 14 0 14
5 15 5 14
6 14 6 15
11 10 11 9
1 23 1 24
20 0 21 0
20 1 20 0
5 19 4 19
15 22 14 22
14 23 15 23
14 17 14 16
21 29 21 28
11 9 12 9
14 22 14 23
1 8 1 7
12 12 11 12
14 23 14 24
9 25 10 25
10 24 9 24
4 19 4 20
13 25 13 24
4 12 5 12
4 11 4 12
5 11 4 11
16 24 16 25
15 24 16 24
15 25 15 24
21 12 21 11
3 2 3 3
3 3 2 3
15 23 16 23
15 24 15 23
29 21 30 21
29 22 29 21
29 25 29 26
9 24 8 24
2 11 2 12
5 13 4 13
24 7 24 6
25 30 24 30
4 0 3 0
3 1 4 1
10 21 9 21
13 22 13 21
12 22 13 22
3 27 3 26
13 1 13 0
1 25 1 26
9 3 8 3
21 27 20 27
4 12 3 12
6 11 6 10
7 11 6 11
7 10 7 11
23 17 23 18
21 9 22 9
10 6 10 7
16 28 16 27
16 23 17 23
9 8 10 8
2 10 2 11
11 4 11 5
10 5 10 4
28 29 28 30
16 14 17 14
13 26 13 27
14 26 13 26
14 27 14 26
10 20 9 20
2 27 1 27
8 6 8 5
7 6 8 6
19 28 20 28
18 28 19 28
29 1 28 1
26 5 25 5
26 6 26 5
13 22 14 22
18 9 18 10
17 9 18 9
21 18 20 18
20 17 21 17
30 23 30 22
11 13 11 14
12 13 11 13
12 14 12 13
21 17 21 18
22 18 22 17
24 25 24 24
3 14 4 14
11 22 12 22
11 23 11 22
25 3 25 4
12 15 12 14
13 6 12 6
1 0 1 1
19 19 19 20
11 24 12 24
2 19 2 20
1 19 2 19
22 30 22 29
21 30 22 30
0 17 1 17
0 18 0 17
24 2 25 2
17 16 18 16
17 17 17 16
15 8 15 7
18 11 19 11
18 10 18 11
19 10 18 10
20 4 20 5
15 17 15 18
24 24 25 24
3 10 4 10
10 11 10 10
16 3 17 3
12 18 12 17
11 22 10 22
10 23 11 23
16 8 17 8
16 9 16 8
24 9 24 10
3 18 4 18
27 1 27 2
17 5 17 4
16 5 17 5
12 22 13 22
1 2 0 2
1 1 1 2
4 8 5 8
4 9 4 8
5 9 4 9
15 21 16 21
23 18 23 19
20 3 20 4
19 6 18 6
27 17 27 16
26 17 27 17
26 16 26 17
12 13 12 12
15 23 14 23
14 22 15 22
28 3 27 3
17 5 18 5
17 4 17 5
3 17 2 17
3 16 3 17
2 16 3 16
17 8 17 7
18 16 19 16
4 16 4 17
19 18 19 17
2 9 2 8
13 27 14 27
25 12 24 12
16 8 17 8
16 25 15 25
5 18 5 19
4 18 5 18
23 9 23 8
1 28 0 28
1 27 1 28
0 27 1 27
30 4 29 4
7 8 6 8
0 25 1 25
27 4 28 4
27 16 28 16
1 28 1 29
0 28 1 28
10 2 9 2
12 8 12 7
6 13 5 13
5 14 6 14
22 29 21 29
21 28 22 28
29 5 30 5
29 4 29 5
19 14 20 14
3 29 4 29
3 30 3 29
4 30 3 30
17 3 17 2
24 0 24 1
19 17 20 17
19 20 20 20
15 10 16 10
15 11 16 11
15 16 15 15
20 18 19 18
1 13 0 13
1 12 1 13
14 7 14 8
12 11 12 10
25 18 25 19
142
3 12 2 12
5 12 3 12
6 12 5 12
7 12 6 12
7 11 7 12
5 10 5 12
6 14 6 12
2 15 2 12
2 17 2 15
1 17 2 17
10 14 6 14
10 13 10 14
11 14 10 14
12 14 11 14
12 16 12 14
12 17 12 16
14 16 12 16
10 17 12 17
17 16 14 16
19 16 17 16
17 14 17 16
19 18 19 16
21 18 19 18
17 11 17 14
16 11 17 11
17 8 17 11
18 8 17 8
17 7 17 8
18 7 18 8
18 6 18 7
18 5 18 6
17 5 18 5
20 6 18 6
20 5 20 6
20 7 20 6
21 7 20 7
23 7 21 7
23 8 23 7
24 8 23 8
25 8 24 8
26 8 25 8
25 11 25 8
26 11 25 11
14 5 17 5
26 14 26 11
14 8 14 5
14 2 14 5
14 1 14 2
11 2 14 2
11 0 11 2
23 5 20 5
23 3 23 5
22 3 23 3
23 2 23 3
22 2 22 3
21 21 21 18
21 22 21 21
19 22 21 22
19 23 19 22
17 23 19 23
17 25 17 23
14 23 17 23
8 0 11 0
6 0 8 0
29 8 26 8
3 0 6 0
2 0 3 0
29 5 29 8
30 5 29 5
29 3 29 5
30 3 29 3
30 0 30 3
21 25 21 22
8 3 8 0
8 5 8 3
10 3 8 3
1 21 1 17
17 29 17 25
13 29 17 29
21 29 17 29
23 29 21 29
23 30 23 29
27 29 23 29
19 1 14 1
21 1 19 1
7 29 13 29
7 30 7 29
5 29 7 29
5 27 5 29
1 27 5 27
9 27 5 27
3 8 3 0
5 16 3 16
5 18 5 16
5 19 5 18
7 18 5 18
8 18 7 18
8 19 8 18
8 21 8 19
8 22 8 21
8 24 8 22
8 25 8 24
2 18 5 18
5 13 5 16
8 16 5 16
15 19 8 19
16 19 15 19
15 18 15 19
16 18 16 19
18 18 16 18
18 19 18 18
20 19 18 19
18 22 18 19
15 22 18 22
1 5 0 5
1 7 1 5
1 9 1 7
3 9 1 9
4 9 3 9
6 9 4 9
6 10 6 9
9 10 6 10
9 12 9 10
9 13 9 12
10 12 9 12
11 12 10 12
12 12 11 12
14 12 12 12
14 13 14 12
1 13 1 9
0 13 1 13
1 15 1 13
1 16 1 15
11 7 11 12
11 6 11 7
9 6 11 6
4 21 4 20
4 22 4 21
5 22 4 22
5 23 5 22
2 22 4 22
5 25 5 23
