93
7 5 6 5
33 6 32 6
6 34 6 33
35 32 36 32
4 33 4 34
34 3 34 2
32 6 32 7
21 17 21 18
12 22 12 23
17 9 16 9
23 19 23 18
3 14 4 14
27 19 27 18
33 9 33 8
17 31 18 31
2 20 2 19
34 28 35 28
12 20 12 21
34 4 35 4
14 28 14 27
9 37 9 36
5 16 5 15
22 4 21 4
0 3 0 2
24 12 24 13
18 21 17 21
23 15 23 16
11 3 11 2
21 8 21 7
34 33 34 34
10 23 11 23
4 14 5 14
14 10 14 11
37 23 36 23
33 8 34 8
4 7 4 6
33 15 33 14
3 10 3 11
21 21 22 21
1 8 1 9
18 31 18 32
2 33 1 33
0 19 0 18
12 28 13 28
27 22 27 23
32 33 32 34
1 4 0 4
37 8 37 7
27 18 26 18
19 4 19 5
31 11 30 11
1 26 1 25
4 13 3 13
26 9 25 9
16 23 15 23
16 31 16 30
13 17 13 18
1 6 1 5
31 30 30 30
16 21 15 21
1 5 1 4
6 33 5 33
20 7 19 7
31 19 31 20
37 20 36 20
25 21 25 20
30 29 31 29
15 26 14 26
28 10 28 9
13 8 13 7
29 10 28 10
21 7 22 7
35 28 35 27
4 20 5 20
5 29 5 28
18 33 18 34
24 13 25 13
17 19 17 20
24 16 25 16
11 8 11 7
24 33 25 33
21 16 22 16
20 18 19 18
5 28 5 27
27 28 27 27
22 21 22 20
15 19 15 18
12 23 13 23
32 10 32 9
21 13 22 13
35 4 35 3
32 4 32 3
27 23 28 23
106
0 4 0 2
0 5 0 4
1 4 0 4
2 4 1 4
2 7 2 4
5 2 0 2
1 9 1 4
5 9 1 9
1 14 1 9
5 14 1 14
5 15 5 14
5 20 5 15
5 27 5 20
4 27 5 27
7 27 5 27
5 33 5 27
1 33 5 33
10 33 5 33
1 28 1 33
0 28 1 28
1 25 1 28
0 13 0 5
0 18 0 13
11 7 2 7
13 7 11 7
19 7 13 7
19 5 19 7
22 7 19 7
22 3 22 7
13 1 13 7
22 13 22 7
22 16 22 13
23 16 22 16
25 16 23 16
25 14 25 16
25 13 25 14
19 16 22 16
19 18 19 16
17 18 19 18
15 18 17 18
17 20 17 18
17 21 17 20
15 20 15 18
15 21 15 20
13 18 15 18
15 23 15 21
13 23 15 23
15 25 15 23
11 23 13 23
11 25 11 23
15 28 15 25
13 28 15 28
13 30 13 28
25 20 25 16
22 20 25 20
25 9 25 13
28 9 25 9
28 10 28 9
28 7 28 9
31 7 28 7
32 7 31 7
32 5 32 7
32 9 32 7
32 3 32 5
35 9 32 9
35 3 32 3
37 3 35 3
35 1 35 3
37 7 37 3
32 14 32 9
32 16 32 14
37 12 37 7
17 27 17 21
19 27 17 27
31 20 25 20
36 20 31 20
36 23 36 20
35 23 36 23
36 27 36 23
35 27 36 27
25 27 19 27
27 27 25 27
28 27 27 27
27 24 27 27
28 23 28 27
28 31 28 27
23 24 27 24
35 33 35 27
31 33 35 33
31 29 31 33
32 29 31 29
25 33 25 27
15 3 22 3
36 13 36 20
24 5 32 5
17 36 17 27
17 37 17 36
3 37 17 37
16 16 8 16
16 9 16 16
8 27 8 16
8 28 8 27
7 28 8 28
6 28 7 28
6 29 6 28
8 31 8 28
