254
19 5 18 5
28 15 29 15
11 30 10 30
10 31 11 31
18 17 18 18
27 28 28 28
11 26 11 27
28 27 29 27
13 26 13 27
24 29 25 29
32 24 31 24
30 24 29 24
27 10 28 10
20 30 19 30
9 24 8 24
29 24 29 25
24 25 23 25
30 21 31 21
5 29 5 30
25 24 24 24
32 32 32 31
26 30 26 31
30 30 30 31
28 30 28 31
11 25 11 26
12 22 11 22
14 31 14 30
30 31 31 31
31 30 30 30
31 22 30 22
21 21 20 21
19 2 19 1
15 3 15 2
29 14 28 14
31 14 31 13
32 13 32 14
20 26 20 27
15 26 15 25
3 14 3 13
17 26 17 25
16 26 16 27
4 12 4 11
4 13 4 12
3 13 4 13
19 32 19 31
13 28 14 28
1 17 1 16
24 30 24 31
23 30 23 31
6 6 5 6
16 29 17 29
16 28 16 29
2 10 3 10
3 10 4 10
3 11 3 10
4 11 3 11
29 19 30 19
27 17 27 18
22 14 22 13
27 19 27 20
15 23 15 22
13 16 13 17
15 24 15 23
30 22 30 23
13 23 13 24
12 14 12 13
25 3 24 3
27 16 27 17
2 0 2 1
23 10 23 11
11 13 11 12
10 13 11 13
13 30 13 29
23 14 23 15
1 1 1 0
17 5 17 6
23 16 23 17
29 15 29 14
30 12 29 12
20 18 20 19
21 19 21 20
3 4 3 5
31 11 31 10
30 11 31 11
9 13 10 13
9 14 9 13
10 14 9 14
6 17 5 17
13 3 12 3
10 4 9 4
8 24 8 23
23 11 22 11
3 7 2 7
4 6 3 6
4 5 4 6
3 15 3 14
23 12 23 11
22 13 21 13
9 20 8 20
10 16 10 15
13 0 14 0
9 17 10 17
16 7 15 7
16 6 16 7
26 16 27 16
19 9 18 9
19 10 19 9
23 3 22 3
23 0 24 0
23 1 23 0
7 20 6 20
3 29 4 29
1 13 1 14
23 0 22 0
1 14 0 14
18 16 18 17
19 19 19 18
11 22 11 21
14 25 14 26
19 20 18 20
5 8 4 8
20 6 21 6
12 25 11 25
10 24 9 24
16 12 16 13
24 16 24 15
25 16 24 16
25 15 25 16
13 22 13 23
27 15 26 15
12 9 12 8
1 11 2 11
14 30 15 30
4 22 4 23
3 22 4 22
24 15 24 14
19 11 20 11
14 32 14 31
4 17 3 17
4 23 5 23
0 20 0 21
13 20 13 19
14 10 14 9
17 14 17 15
6 14 6 15
6 4 6 3
24 24 24 23
1 2 1 3
4 31 3 31
11 28 11 29
8 28 8 27
6 29 7 29
17 28 16 28
17 27 17 28
16 27 17 27
24 20 24 21
7 8 7 7
17 12 16 12
28 5 28 6
4 30 3 30
24 6 25 6
8 4 7 4
21 4 20 4
8 7 8 6
19 14 19 13
27 18 27 19
16 13 16 14
8 29 8 30
7 29 8 29
29 0 30 0
7 9 6 9
17 1 16 1
7 0 7 1
18 18 17 18
9 29 9 28
32 7 32 8
9 7 9 6
5 6 5 7
4 6 5 6
5 28 5 29
27 24 27 23
26 24 25 24
25 1 25 2
30 5 29 5
23 9 23 8
10 21 10 22
13 24 13 25
9 9 8 9
17 11 17 12
18 12 18 11
3 8 3 7
4 8 3 8
6 9 6 8
11 26 12 26
28 10 28 11
25 20 25 19
26 20 25 20
9 6 9 5
25 13 24 13
18 5 18 6
21 29 21 28
12 8 11 8
15 19 15 18
1 24 1 25
19 6 19 5
13 17 14 17
7 3 8 3
28 17 28 18
27 17 28 17
6 18 6 17
2 22 3 22
16 19 15 19
12 11 12 12
3 23 4 23
11 27 10 27
8 20 8 21
15 5 16 5
7 22 8 22
16 10 17 10
3 24 3 23
15 12 14 12
3 11 3 12
4 28 4 27
23 7 23 6
6 13 6 12
7 5 8 5
5 18 5 19
22 22 22 21
6 25 5 25
5 24 6 24
13 21 13 20
11 13 11 14
5 9 5 10
6 10 6 9
14 24 13 24
27 5 27 4
21 25 21 24
0 23 1 23
23 27 22 27
6 30 7 30
21 31 21 32
4 10 4 9
2 2 1 2
3 0 4 0
26 27 27 27
20 13 20 14
4 9 4 8
19 9 20 9
26 28 27 28
7 12 7 13
24 16 24 15
5 32 6 32
21 14 22 14
20 9 21 9
145
2 4 0 4
2 6 2 4
2 7 2 6
3 7 2 7
2 9 2 7
5 7 3 7
2 11 2 9
7 7 5 7
2 13 2 11
4 13 2 13
5 13 4 13
7 13 5 13
5 10 5 7
7 10 5 10
7 4 7 7
7 1 7 4
2 1 2 4
11 10 7 10
11 8 11 10
11 5 11 8
13 5 11 5
13 4 13 5
16 5 13 5
16 7 16 5
15 7 16 7
16 8 16 7
15 8 15 7
15 10 15 8
17 10 15 10
17 12 17 10
17 13 17 12
19 12 17 12
19 13 19 12
19 5 16 5
21 5 19 5
13 1 13 4
12 1 13 1
11 1 12 1
16 1 13 1
19 1 16 1
13 13 17 13
12 13 13 13
4 20 4 13
4 21 4 20
4 22 4 21
3 22 4 22
4 23 4 22
4 24 4 23
6 24 4 24
9 24 6 24
9 26 9 24
9 28 9 26
12 26 9 26
14 26 12 26
14 28 14 26
15 28 14 28
16 28 15 28
6 28 9 28
14 31 14 28
13 31 14 31
12 31 13 31
6 32 6 28
19 31 14 31
19 30 19 31
14 21 14 26
16 21 14 21
25 30 19 30
25 29 25 30
25 28 25 29
30 30 25 30
30 32 30 30
24 10 17 10
25 10 24 10
25 9 25 10
25 16 25 10
27 16 25 16
29 16 27 16
29 14 29 16
29 12 29 14
27 19 27 16
25 19 27 19
32 14 29 14
20 19 25 19
18 19 20 19
29 7 29 12
30 7 29 7
31 7 30 7
29 5 29 7
31 3 31 7
31 1 31 3
29 22 29 16
28 22 29 22
27 22 28 22
29 25 29 22
32 25 29 25
32 28 32 25
9 16 9 24
24 26 14 26
10 13 9 13
10 15 10 13
17 15 10 15
19 15 17 15
17 18 17 15
15 18 17 18
15 19 15 18
19 18 17 18
13 18 15 18
23 15 19 15
24 15 23 15
24 18 24 15
26 18 24 18
17 22 17 18
15 22 17 22
20 22 17 22
20 21 20 22
22 21 20 21
24 21 22 21
24 22 24 21
24 23 24 22
20 25 20 22
27 21 24 21
27 20 27 21
28 20 27 20
28 19 28 20
23 11 23 15
24 11 23 11
0 18 0 14
0 19 0 18
2 18 0 18
0 21 0 19
1 21 0 21
1 23 1 21
1 25 1 23
0 25 1 25
3 25 1 25
3 23 1 23
3 27 3 25
5 25 3 25
3 30 3 27
3 31 3 30
3 32 3 31
5 31 3 31
2 15 2 18
23 2 15 2
25 2 23 2
