355
19 11 20 11
12 2 11 2
20 12 20 13
2 21 1 21
11 2 11 1
14 3 13 3
8 20 9 20
31 6 31 7
4 34 4 33
2 29 2 30
8 5 9 5
8 1 9 1
38 24 37 24
2 30 2 31
0 13 0 12
1 12 1 13
28 10 27 10
1 30 2 30
1 29 1 30
33 25 32 25
10 8 9 8
34 14 34 13
15 18 15 19
44 16 43 16
38 11 38 12
37 12 37 11
44 12 43 12
6 37 6 38
6 38 5 38
39 27 39 28
8 2 8 1
7 25 6 25
19 26 19 27
21 37 22 37
20 33 20 34
20 34 21 34
21 33 20 33
25 25 25 26
8 4 8 5
15 28 15 27
12 37 12 36
16 21 16 20
8 15 7 15
17 37 17 38
17 38 17 39
30 22 30 21
20 41 19 41
42 28 41 28
14 21 15 21
32 25 32 26
30 21 31 21
11 29 10 29
29 18 29 17
29 42 30 42
4 18 4 17
0 19 0 18
40 29 40 28
27 41 26 41
27 1 28 1
27 42 27 41
36 18 36 17
3 8 3 7
10 11 11 11
0 12 1 12
43 27 43 26
36 17 35 17
41 22 42 22
16 3 16 4
42 29 42 28
37 36 38 36
30 42 30 43
4 33 3 33
18 33 17 33
20 8 20 9
42 25 41 25
34 7 34 6
26 41 26 40
9 23 9 22
19 5 19 6
11 30 11 29
23 16 23 15
3 25 2 25
6 11 6 10
18 10 18 9
29 11 30 11
12 21 11 21
12 3 12 2
25 21 25 22
17 33 17 32
40 38 40 37
28 1 28 0
5 15 5 14
9 22 10 22
29 5 29 6
3 34 4 34
43 14 43 13
20 17 21 17
44 38 43 38
36 6 35 6
29 28 29 27
36 31 35 31
37 29 37 30
36 15 36 16
14 9 14 8
4 35 4 36
23 7 23 8
32 11 33 11
33 14 34 14
16 22 16 21
36 14 36 15
22 22 22 21
14 22 14 23
3 44 3 43
21 27 20 27
41 28 41 29
41 29 40 29
2 43 2 44
25 42 24 42
37 32 36 32
40 29 40 30
18 34 18 33
37 30 38 30
16 4 16 5
17 4 16 4
17 5 17 4
43 5 44 5
42 31 42 30
35 31 35 30
15 9 14 9
14 9 13 9
35 17 34 17
23 38 24 38
29 3 28 3
30 32 31 32
11 39 12 39
23 41 22 41
41 4 41 3
20 44 21 44
33 34 33 33
33 33 32 33
30 5 29 5
29 5 28 5
20 43 20 44
15 31 14 31
13 28 13 27
14 28 13 28
28 35 28 36
33 19 33 20
35 28 35 29
14 39 14 40
20 44 19 44
12 39 12 38
12 38 12 37
8 14 8 15
16 1 16 2
20 3 20 2
43 9 42 9
5 9 6 9
36 20 35 20
22 15 22 14
39 5 39 6
39 6 38 6
34 8 33 8
9 5 9 4
38 7 38 8
29 24 28 24
24 32 23 32
13 3 13 2
43 31 44 31
17 41 17 40
32 20 31 20
9 6 9 5
17 10 17 11
20 15 20 16
4 38 3 38
41 16 41 17
8 25 9 25
35 43 35 44
10 25 11 25
34 32 33 32
42 21 43 21
17 4 17 3
28 25 29 25
35 20 35 21
19 4 19 3
39 18 39 17
42 8 43 8
21 39 20 39
30 15 30 14
18 42 17 42
42 22 42 21
2 38 2 37
19 20 18 20
22 11 22 12
21 11 22 11
9 35 9 34
8 28 8 27
18 35 17 35
2 37 3 37
3 21 4 21
34 36 34 35
35 1 35 2
25 11 24 11
33 39 33 38
23 22 22 22
31 7 30 7
5 19 6 19
36 15 35 15
26 22 27 22
6 19 7 19
10 16 9 16
41 37 41 38
4 27 4 28
33 23 33 24
6 12 6 11
25 39 25 38
32 22 31 22
25 5 25 4
7 30 7 29
28 7 28 8
39 20 40 20
6 18 5 18
30 39 30 40
17 35 17 34
19 23 20 23
20 1 20 0
39 22 38 22
29 37 29 38
8 32 7 32
16 30 17 30
22 16 21 16
42 39 41 39
7 18 7 17
20 40 20 41
38 12 39 12
15 42 16 42
28 31 28 32
18 9 17 9
14 19 14 20
39 41 39 42
36 5 36 4
32 4 33 4
7 15 7 16
23 44 23 43
15 10 16 10
7 27 6 27
4 7 4 6
32 29 31 29
25 10 25 11
23 8 24 8
10 37 9 37
21 5 22 5
40 7 41 7
4 6 3 6
42 20 41 20
31 29 30 29
42 17 42 16
43 33 43 32
2 44 3 44
6 33 7 33
34 34 34 33
22 19 22 18
42 0 43 0
16 4 17 4
43 40 43 41
16 23 17 23
28 3 28 4
40 24 39 24
29 29 29 28
25 17 26 17
19 37 19 36
5 14 6 14
26 5 26 6
4 17 3 17
18 20 18 21
18 41 18 40
0 27 0 28
5 41 5 40
33 13 33 14
19 19 20 19
32 24 32 23
43 7 43 6
27 24 27 25
25 33 24 33
5 38 4 38
3 11 2 11
6 27 5 27
9 16 9 17
30 14 29 14
6 10 7 10
43 12 43 11
9 34 10 34
34 43 33 43
23 10 24 10
44 29 43 29
17 30 17 29
18 26 17 26
7 33 8 33
41 18 40 18
39 25 38 25
38 44 39 44
32 33 32 34
35 33 35 34
35 26 34 26
0 24 0 23
41 26 41 27
3 33 3 32
4 25 4 24
10 38 11 38
14 42 14 41
43 16 43 15
16 42 16 41
37 15 38 15
21 8 20 8
4 4 5 4
24 8 25 8
40 19 39 19
7 16 6 16
3 24 3 25
32 36 32 37
33 43 33 44
35 9 35 8
22 22 21 22
10 29 9 29
39 24 39 23
15 6 15 7
14 23 14 24
33 9 33 10
16 19 17 19
0 42 0 41
6 24 6 23
10 42 11 42
27 40 28 40
5 33 5 34
19 32 18 32
36 21 36 22
21 6 21 7
24 2 24 1
30 43 30 44
10 44 11 44
23 43 23 42
20 13 19 13
19 13 18 13
16 21 17 21
14 34 15 34
16 20 17 20
22 25 21 25
40 3 39 3
40 26 40 27
25 8 26 8
19 31 19 32
31 22 30 22
14 31 14 32
14 32 14 33
15 30 15 31
144
2 15 2 13
8 15 2 15
16 15 8 15
23 15 16 15
23 19 23 15
32 15 23 15
32 13 32 15
32 12 32 13
32 9 32 12
36 12 32 12
39 12 36 12
39 16 39 12
42 16 39 16
42 21 42 16
37 21 42 21
37 20 37 21
37 24 37 21
42 9 42 16
42 28 42 21
44 28 42 28
40 28 42 28
39 28 40 28
39 26 39 28
44 31 44 28
44 33 44 31
44 34 44 33
34 26 39 26
32 26 34 26
32 23 32 26
29 26 32 26
25 26 29 26
34 31 34 26
34 33 34 31
34 35 34 33
36 35 34 35
37 35 36 35
37 39 37 35
41 39 37 39
41 43 41 39
25 13 32 13
25 11 25 13
30 11 25 11
30 7 30 11
30 3 30 7
18 13 25 13
18 7 18 13
19 7 18 7
19 6 19 7
21 7 19 7
15 7 18 7
19 3 19 6
12 7 15 7
23 3 19 3
12 2 12 7
10 2 12 2
37 3 30 3
39 3 37 3
41 3 39 3
39 1 39 3
41 1 41 3
41 0 41 1
41 7 41 3
15 0 15 7
2 24 2 15
2 25 2 24
2 30 2 25
2 31 2 30
0 31 2 31
10 31 2 31
10 34 10 31
6 34 10 34
5 34 6 34
15 34 10 34
15 31 15 34
15 27 15 31
16 27 15 27
13 27 15 27
8 27 13 27
5 27 8 27
6 41 6 34
0 41 6 41
5 18 5 27
8 5 8 15
4 5 8 5
0 2 10 2
18 18 5 18
18 19 18 18
18 21 18 19
22 39 37 39
22 41 22 39
20 39 22 39
20 41 22 41
17 39 20 39
27 41 22 41
20 33 20 39
15 43 41 43
21 17 9 17
21 16 21 17
21 19 21 17
21 22 21 19
21 25 21 22
21 26 21 25
25 22 21 22
27 22 25 22
27 25 27 22
30 22 27 22
27 18 27 22
30 18 27 18
17 26 21 26
17 28 17 26
17 29 17 28
19 29 17 29
19 28 19 29
19 30 19 29
19 32 19 30
19 34 19 32
19 36 19 34
17 34 19 34
17 32 17 34
16 36 19 36
16 41 16 36
14 41 16 41
12 41 14 41
19 41 16 41
12 37 12 41
13 37 12 37
9 37 12 37
25 16 25 22
36 22 30 22
36 16 36 22
21 34 21 26
21 36 21 34
12 22 21 22
29 27 28 27
29 28 29 27
29 33 29 28
29 38 29 33
31 38 29 38
33 38 31 38
24 33 29 33
22 33 24 33
22 37 22 33
22 38 22 37
24 38 22 38
