93
17 0 17 1
16 33 16 32
37 18 36 18
9 29 10 29
34 29 33 29
0 20 1 20
13 16 12 16
28 1 28 2
9 24 9 23
4 2 3 2
23 17 24 17
23 38 22 38
10 6 10 5
32 24 31 24
31 21 32 21
30 8 30 7
0 1 0 2
28 28 28 29
6 8 6 7
33 29 33 28
7 22 8 22
29 34 28 34
29 37 30 37
2 10 1 10
2 22 2 21
2 0 3 0
31 19 32 19
29 11 29 10
20 2 20 1
16 10 15 10
27 5 27 6
1 35 2 35
13 38 14 38
18 16 18 15
1 13 1 14
7 9 7 10
15 13 14 13
18 28 17 28
25 19 25 18
21 13 22 13
11 14 10 14
8 2 8 1
29 32 29 33
33 37 33 38
27 34 27 35
28 22 27 22
16 8 15 8
14 16 13 16
3 32 2 32
17 25 17 24
29 13 30 13
33 38 32 38
29 9 29 8
10 14 9 14
7 8 8 8
3 20 4 20
28 2 29 2
35 33 34 33
32 35 32 36
10 34 11 34
31 35 32 35
30 13 30 14
36 6 35 6
32 35 32 34
26 9 26 8
33 10 33 11
30 34 30 35
30 19 31 19
19 27 19 26
31 16 31 15
7 10 8 10
12 18 13 18
17 16 17 15
15 0 16 0
16 32 15 32
34 21 34 20
16 16 17 16
17 28 17 27
27 22 27 23
13 14 13 13
19 32 19 31
4 0 4 1
3 27 2 27
20 4 20 5
31 27 31 28
4 20 4 21
19 37 18 37
26 3 26 2
17 23 17 22
8 19 8 18
12 22 13 22
35 15 36 15
31 19 31 20
106
2 16 2 13
2 21 2 16
0 21 2 21
4 21 2 21
4 18 4 21
8 18 4 18
8 22 8 18
13 18 8 18
13 16 13 18
13 15 13 16
11 15 13 15
13 13 13 15
14 13 13 13
17 13 14 13
17 15 17 13
17 16 17 15
18 15 17 15
13 22 13 18
17 22 13 22
17 24 17 22
20 22 17 22
17 27 17 24
11 10 11 15
8 10 11 10
8 8 8 10
17 32 17 27
15 32 17 32
13 32 15 32
15 34 15 32
15 35 15 34
13 35 15 35
12 35 13 35
13 8 8 8
14 8 13 8
14 6 14 8
22 32 17 32
14 1 14 6
22 37 22 32
22 38 22 37
18 37 22 37
26 38 22 38
22 13 17 13
2 27 2 21
2 32 2 27
2 35 2 32
8 1 14 1
4 1 8 1
4 3 4 1
1 1 4 1
1 6 1 1
17 5 17 13
16 5 17 5
16 4 16 5
20 5 17 5
16 0 16 4
19 0 16 0
12 0 16 0
5 0 12 0
10 16 2 16
0 12 0 21
27 15 18 15
31 15 27 15
31 17 31 15
34 15 31 15
36 15 34 15
31 20 31 17
36 18 36 15
36 19 36 18
31 23 31 20
31 24 31 23
34 20 31 20
27 19 27 15
27 20 27 19
27 23 27 20
31 28 31 24
33 28 31 28
36 28 33 28
24 28 31 28
24 31 24 28
24 35 24 31
33 35 33 28
30 35 33 35
30 37 30 35
28 35 30 35
28 34 28 35
36 5 36 15
6 24 17 24
24 17 24 28
4 37 18 37
22 9 18 9
22 12 22 9
19 12 22 12
32 12 22 12
32 14 32 12
30 14 32 14
26 14 30 14
34 37 34 33
34 38 34 37
32 38 34 38
32 36 32 38
29 38 32 38
27 38 29 38
27 35 27 38
25 35 27 35
27 30 27 35
15 3 15 1
