177
6 21 6 22
1 1 1 0
16 20 17 20
7 19 7 18
6 19 7 19
2 19 1 19
2 18 2 19
1 19 1 20
2 19 1 19
2 20 2 19
2 19 3 19
18 11 18 10
21 17 20 17
16 11 16 12
5 18 6 18
4 1 5 1
16 19 16 18
20 3 21 3
19 14 19 15
20 16 21 16
12 0 12 1
6 2 6 1
1 3 1 2
10 11 10 10
20 14 19 14
2 4 2 3
15 6 16 6
15 7 15 6
16 7 15 7
1 4 1 5
0 4 1 4
12 21 13 21
12 22 12 21
12 14 12 15
2 17 2 16
1 17 2 17
2 17 3 17
20 12 21 12
14 13 14 12
21 20 20 20
14 21 14 20
22 21 22 22
12 11 12 12
11 11 12 11
14 22 14 21
15 12 15 13
16 12 15 12
16 13 16 12
15 13 14 13
15 12 15 13
16 12 15 12
18 22 17 22
18 21 18 22
3 22 2 22
16 2 17 2
5 1 5 0
21 11 20 11
16 3 16 2
17 2 17 3
1 14 2 14
17 0 18 0
2 14 2 15
12 6 12 5
10 10 9 10
9 11 10 11
8 13 9 13
21 15 21 14
5 12 6 12
19 3 18 3
15 19 16 19
18 3 18 2
22 3 22 4
21 3 22 3
21 4 21 3
19 17 19 16
18 17 19 17
18 16 18 17
14 18 15 18
8 1 8 2
5 13 5 12
4 13 5 13
11 1 11 0
1 18 2 18
21 2 22 2
21 1 21 2
4 14 4 13
3 13 3 14
22 2 22 1
21 2 22 2
10 3 10 2
9 3 9 2
10 11 11 11
7 2 6 2
12 7 12 6
12 15 11 15
17 14 16 14
21 0 21 1
12 11 12 10
13 11 12 11
13 10 13 11
6 15 5 15
7 15 6 15
1 20 0 20
6 5 5 5
17 20 17 21
7 14 6 14
17 7 16 7
1 10 2 10
1 9 1 10
3 1 3 2
19 15 20 15
17 11 18 11
0 9 1 9
0 18 1 18
20 6 21 6
10 12 10 11
11 12 10 12
5 6 6 6
5 7 5 6
14 9 15 9
14 10 15 10
13 11 14 11
11 22 10 22
10 8 10 9
8 18 8 17
8 22 8 21
10 20 10 19
12 21 11 21
11 21 11 20
6 16 5 16
6 15 6 16
6 8 6 7
5 8 6 8
13 6 13 5
8 4 8 5
14 16 13 16
17 5 17 6
5 14 4 14
5 16 4 16
1 19 1 20
8 5 7 5
9 5 9 6
10 5 9 5
9 0 10 0
15 17 14 17
3 5 3 6
5 9 6 9
5 12 5 11
8 17 9 17
4 0 4 1
3 0 4 0
12 18 13 18
1 13 1 12
7 11 6 11
2 11 2 12
3 11 2 11
6 14 5 14
1 6 1 7
0 7 0 6
4 18 3 18
6 12 5 12
6 13 6 12
5 13 6 13
4 8 4 7
7 9 7 8
8 9 7 9
4 4 3 4
6 13 6 14
9 19 9 20
11 11 11 12
8 8 8 9
8 19 8 18
7 10 7 11
0 11 0 12
1 11 0 11
1 12 1 11
2 12 1 12
122
2 3 0 3
2 2 2 3
2 1 2 2
2 5 2 3
2 6 2 5
4 5 2 5
5 5 4 5
4 3 2 3
5 3 4 3
4 1 4 3
7 5 5 5
7 4 7 5
6 1 4 1
7 1 6 1
0 1 2 1
9 1 7 1
0 6 2 6
7 8 7 5
6 8 7 8
7 9 7 8
6 9 6 8
6 10 6 9
8 9 7 9
5 10 6 10
6 11 6 10
5 11 5 10
6 12 6 11
5 12 5 11
7 11 6 11
8 11 7 11
8 12 8 11
10 11 8 11
8 14 8 12
8 15 8 14
6 14 8 14
5 14 6 14
5 15 5 14
5 17 5 15
4 17 5 17
10 9 8 9
12 11 10 11
12 12 12 11
13 12 12 12
14 12 13 12
14 11 14 12
14 13 14 12
15 13 14 13
17 13 15 13
10 7 10 9
8 18 8 15
8 20 8 18
8 21 8 20
9 20 8 20
11 20 9 20
13 20 11 20
13 21 13 20
14 20 13 20
14 21 13 21
15 21 14 21
17 21 15 21
19 21 17 21
2 10 5 10
2 11 2 10
1 10 2 10
1 11 2 11
0 10 1 10
1 12 1 11
1 15 1 12
0 15 1 15
1 18 1 15
1 20 1 18
0 20 1 20
0 22 0 20
17 18 17 21
17 17 17 18
14 17 14 20
12 1 9 1
14 1 12 1
5 21 8 21
5 20 5 21
14 8 14 11
11 17 11 20
11 16 11 17
10 16 11 16
13 7 10 7
17 8 14 8
17 6 17 8
19 6 17 6
19 8 19 6
21 6 19 6
19 11 19 8
21 3 21 6
21 1 21 3
19 14 19 11
21 14 19 14
21 16 21 14
21 18 21 16
22 18 21 18
17 3 17 6
15 0 14 0
16 0 15 0
18 0 16 0
18 1 18 0
18 2 18 1
18 4 18 2
19 4 18 4
16 2 18 2
22 0 18 0
22 1 22 0
22 2 22 1
22 3 22 2
10 2 16 2
9 2 10 2
8 2 9 2
9 4 9 2
8 6 8 2
8 7 8 6
9 6 8 6
12 6 9 6
14 6 12 6
15 6 14 6
15 7 15 6
