263
17 9 17 10
22 17 22 18
8 21 9 21
19 27 19 26
17 10 16 10
9 21 9 20
5 4 5 5
17 7 17 6
6 29 6 30
17 26 18 26
26 16 26 15
8 22 8 21
7 22 8 22
17 6 17 5
26 24 26 25
25 24 26 24
27 15 28 15
23 2 23 1
9 2 8 2
9 3 9 2
8 3 9 3
24 2 23 2
24 1 24 2
23 1 24 1
28 24 28 25
21 18 20 18
23 24 23 25
26 22 25 22
25 22 25 21
24 21 24 22
12 20 13 20
15 4 16 4
1 6 0 6
1 5 1 6
17 25 17 26
17 24 17 25
17 25 18 25
19 26 20 26
13 21 12 21
29 24 29 23
28 23 28 24
28 25 29 25
16 6 17 6
25 18 25 17
26 18 25 18
6 27 6 26
7 1 7 0
6 1 6 2
28 21 28 22
18 20 17 20
28 22 27 22
9 2 9 1
9 3 9 2
20 29 19 29
9 5 9 4
8 5 9 5
1 24 1 25
24 14 23 14
20 30 20 29
23 29 24 29
28 24 28 25
12 19 12 18
9 8 8 8
6 18 6 19
5 18 6 18
9 30 9 29
11 29 11 30
25 14 24 14
25 17 24 17
12 25 12 24
25 12 25 13
3 29 2 29
27 4 27 3
18 27 19 27
18 26 18 27
1 18 1 19
18 9 17 9
1 1 0 1
1 2 1 1
2 2 1 2
28 28 28 27
5 15 4 15
24 28 25 28
24 27 24 28
1 1 1 0
1 2 1 1
2 1 2 2
30 25 30 26
23 12 23 13
13 20 13 21
25 13 25 14
26 13 25 13
24 19 25 19
2 29 2 30
0 29 0 30
20 20 20 19
1 4 1 3
0 4 1 4
4 18 5 18
20 26 20 25
7 26 8 26
5 18 5 17
27 17 27 18
24 15 24 16
27 16 27 17
24 20 24 21
27 3 28 3
7 0 6 0
29 13 29 12
25 14 25 15
26 2 26 3
25 2 26 2
16 15 16 16
20 7 21 7
14 11 15 11
8 15 9 15
4 15 3 15
29 12 29 11
6 4 5 4
1 23 1 24
14 14 15 14
28 12 28 11
28 13 28 12
27 13 28 13
18 13 18 14
3 17 3 18
2 17 3 17
3 24 3 25
2 21 3 21
19 13 18 13
14 26 13 26
1 7 1 8
0 7 1 7
15 11 15 12
16 10 16 11
2 23 1 23
1 17 1 18
5 21 5 20
24 7 23 7
7 21 7 22
0 17 1 17
22 23 21 23
22 22 22 23
21 22 22 22
15 27 16 27
9 10 9 11
14 27 15 27
15 26 14 26
8 17 8 16
22 13 22 12
1 17 2 17
24 2 25 2
26 11 26 10
29 2 30 2
6 21 5 21
29 7 30 7
20 0 20 1
20 8 20 9
19 14 19 13
5 27 4 27
3 20 2 20
2 13 3 13
19 7 19 8
18 7 19 7
18 14 17 14
1 11 2 11
17 9 17 10
1 14 1 13
26 4 25 4
25 4 24 4
2 22 2 21
7 6 8 6
7 10 8 10
7 18 7 17
8 27 7 27
8 8 8 9
7 8 8 8
25 28 25 27
2 10 3 10
2 15 2 14
16 17 17 17
6 11 5 11
23 8 22 8
3 13 3 12
8 14 8 15
8 6 8 7
14 4 13 4
4 11 4 10
22 8 21 8
6 6 6 7
10 9 11 9
10 8 9 8
25 26 26 26
24 6 24 7
5 14 6 14
10 7 10 6
17 13 16 13
0 21 1 21
10 28 9 28
10 27 10 28
9 27 10 27
9 18 9 17
11 6 11 7
4 17 4 18
16 3 15 3
10 28 10 29
7 15 6 15
4 2 5 2
21 6 22 6
23 17 22 17
22 17 21 17
22 18 22 17
27 7 28 7
11 2 10 2
22 17 23 17
25 29 25 28
28 1 27 1
23 7 23 8
0 9 0 10
13 6 13 5
13 7 12 7
12 28 12 27
1 8 2 8
1 7 1 8
7 4 7 5
6 23 6 22
11 26 12 26
11 27 11 26
12 27 11 27
6 18 7 18
7 17 6 17
21 10 21 11
21 19 21 20
9 4 10 4
23 11 24 11
9 20 10 20
17 14 17 15
4 9 3 9
7 18 7 19
10 25 11 25
20 10 21 10
5 3 6 3
17 18 16 18
5 4 4 4
4 3 5 3
17 5 18 5
11 1 10 1
9 14 10 14
16 1 15 1
21 13 20 13
17 3 16 3
14 15 13 15
14 16 14 15
16 0 16 1
27 26 27 25
13 16 14 16
3 17 3 16
28 26 27 26
7 25 6 25
7 24 7 25
6 24 7 24
15 14 15 13
3 21 3 22
136
17 8 13 8
19 8 17 8
17 10 17 8
21 8 19 8
21 7 21 8
21 10 21 8
21 11 21 10
19 10 17 10
19 11 19 10
17 6 17 8
24 11 21 11
24 10 24 11
24 7 21 7
26 7 24 7
28 7 26 7
30 7 28 7
28 11 28 7
29 11 28 11
30 11 29 11
17 15 17 10
17 17 17 15
19 17 17 17
20 17 19 17
21 17 20 17
14 15 17 15
14 16 14 15
13 15 14 15
21 20 21 17
22 20 21 20
17 20 17 17
14 21 14 16
15 21 14 21
13 21 14 21
14 26 14 21
13 26 14 26
12 26 13 26
17 26 14 26
13 29 13 26
17 29 17 26
17 30 17 29
10 29 13 29
10 27 10 29
10 22 10 27
10 20 10 22
10 17 10 20
9 17 10 17
10 14 10 17
6 17 9 17
5 17 6 17
6 15 6 17
6 14 6 15
7 14 6 14
6 12 6 14
7 12 6 12
2 17 5 17
2 14 2 17
2 20 2 17
2 21 2 20
2 11 2 14
5 20 2 20
2 8 2 11
1 8 2 8
5 8 2 8
6 8 5 8
2 25 2 21
3 25 2 25
5 25 3 25
6 25 5 25
5 28 5 25
5 29 5 28
7 29 5 29
10 6 17 6
10 4 10 6
10 2 10 4
9 2 10 2
10 1 10 2
9 1 9 2
4 1 9 1
1 1 4 1
1 0 1 1
4 4 4 1
3 4 4 4
5 6 10 6
4 6 5 6
19 24 19 17
22 24 19 24
26 24 22 24
27 24 26 24
26 21 26 24
26 15 26 21
28 15 26 15
28 19 28 15
24 30 17 30
24 29 24 30
24 28 24 29
27 30 24 30
28 30 27 30
28 27 28 30
29 27 28 27
6 7 5 7
8 7 6 7
11 7 8 7
11 9 11 7
12 9 11 9
8 9 11 9
8 10 8 9
8 12 8 10
9 12 8 12
4 10 8 10
3 10 4 10
3 9 3 10
3 12 3 10
4 12 3 12
3 15 3 12
3 16 3 15
11 15 11 9
11 16 11 15
11 17 11 16
11 19 11 17
26 3 26 2
28 3 26 3
28 5 28 3
30 3 28 3
21 5 28 5
21 3 21 5
22 3 21 3
21 2 21 3
16 3 21 3
15 3 16 3
16 1 16 3
15 1 16 1
15 0 15 1
19 1 16 1
20 25 18 25
18 27 18 25
18 28 18 27
