349
14 16 13 16
33 31 33 32
25 31 24 31
23 32 23 31
16 8 16 7
23 25 24 25
22 0 23 0
12 4 11 4
28 20 29 20
27 1 27 2
22 25 23 25
23 7 22 7
13 16 13 17
14 24 13 24
25 9 26 9
6 13 6 14
7 17 8 17
13 30 13 31
8 6 8 7
18 23 18 24
26 29 27 29
24 32 23 32
24 9 25 9
27 22 27 21
9 4 9 5
14 35 14 34
14 30 15 30
7 34 6 34
10 27 10 26
6 34 6 33
20 0 20 1
8 34 8 35
0 33 0 34
27 18 27 19
8 32 7 32
37 6 37 7
36 6 37 6
36 7 36 6
35 24 35 25
6 3 5 3
18 3 19 3
18 4 18 3
17 30 17 31
26 10 25 10
18 3 17 3
17 3 17 2
31 1 32 1
26 9 27 9
13 33 13 34
29 10 30 10
15 30 15 29
6 27 6 28
30 10 30 11
13 28 13 27
35 34 35 33
29 33 28 33
37 0 37 1
0 8 1 8
35 7 35 8
9 35 10 35
35 33 34 33
8 8 7 8
31 27 32 27
25 36 26 36
25 37 25 36
32 28 31 28
27 19 26 19
27 20 27 19
28 21 28 20
12 36 12 37
14 36 14 35
36 18 36 19
22 13 21 13
36 17 36 18
33 2 34 2
18 2 19 2
35 1 35 2
37 1 37 2
31 23 30 23
21 12 22 12
26 1 25 1
26 3 25 3
26 4 26 3
20 14 20 13
30 3 30 4
5 20 6 20
30 7 30 6
14 11 14 10
9 0 8 0
21 9 20 9
29 21 28 21
12 19 12 18
32 7 32 6
8 1 8 2
7 2 7 1
7 1 7 0
8 0 8 1
12 5 12 6
29 2 29 3
18 32 17 32
34 2 34 3
15 11 15 12
7 29 8 29
35 6 34 6
35 4 34 4
17 13 17 12
16 3 17 3
13 10 13 11
6 29 7 29
11 27 11 26
37 28 37 29
33 36 33 35
21 34 22 34
16 17 15 17
31 25 30 25
7 4 6 4
7 7 6 7
7 3 6 3
5 6 5 5
12 6 12 7
28 35 27 35
27 36 28 36
2 4 3 4
2 35 2 36
3 7 4 7
36 33 37 33
18 13 17 13
18 14 18 13
17 14 18 14
37 34 36 34
18 26 17 26
27 33 27 34
19 35 19 34
28 27 28 26
27 26 27 27
25 25 25 26
6 36 6 35
4 36 4 37
8 36 8 37
9 36 8 36
25 9 26 9
32 26 31 26
10 20 10 21
10 21 10 22
19 16 19 15
20 13 19 13
19 14 20 14
4 1 3 1
9 1 9 2
27 9 27 10
26 9 26 10
30 22 31 22
31 22 31 23
32 19 32 20
35 18 35 19
8 23 8 22
15 23 16 23
11 4 11 5
29 26 29 27
11 3 11 4
36 22 35 22
28 14 28 15
15 16 16 16
29 12 28 12
33 11 32 11
37 23 36 23
36 23 35 23
14 22 15 22
22 24 22 25
3 13 4 13
22 25 22 26
1 33 2 33
10 10 9 10
10 11 10 10
27 0 26 0
18 22 19 22
7 8 7 7
32 18 32 17
32 17 33 17
7 7 7 6
34 25 33 25
24 27 24 26
7 6 7 5
35 19 34 19
30 14 30 13
35 22 34 22
28 12 28 13
12 2 12 1
6 24 7 24
3 24 4 24
20 17 21 17
35 30 36 30
35 29 34 29
35 13 35 14
19 27 19 28
11 20 10 20
4 27 4 26
22 34 22 35
4 26 4 25
3 14 3 13
21 24 22 24
22 23 21 23
7 26 6 26
20 14 20 15
13 34 12 34
21 13 21 12
26 5 27 5
23 29 22 29
28 37 27 37
26 36 27 36
5 21 5 22
2 16 2 15
5 22 5 23
37 12 36 12
32 14 31 14
36 28 37 28
5 12 5 11
12 7 13 7
4 13 4 12
25 6 25 7
37 31 36 31
37 30 37 31
36 30 37 30
36 16 36 17
7 16 7 17
13 2 12 2
7 12 6 12
6 14 5 14
31 12 30 12
30 11 31 11
32 31 32 30
33 35 32 35
28 24 29 24
4 15 4 16
37 8 36 8
11 9 10 9
7 13 8 13
22 37 22 36
37 9 36 9
35 16 35 15
7 18 7 19
10 23 11 23
11 24 10 24
36 9 35 9
20 15 20 16
11 32 10 32
8 17 8 16
11 26 12 26
6 33 5 33
16 9 15 9
25 24 25 25
33 22 33 21
18 24 17 24
6 3 6 2
2 17 2 18
22 14 22 15
13 1 14 1
19 28 18 28
0 34 1 34
4 19 4 20
17 32 17 33
18 20 18 21
27 25 26 25
6 19 5 19
19 36 18 36
19 13 19 14
18 13 19 13
18 14 18 13
17 13 17 14
14 1 15 1
12 17 11 17
14 15 14 14
17 27 18 27
28 16 28 17
27 13 27 12
5 30 5 31
14 13 14 12
15 12 15 13
21 3 21 4
11 15 11 14
14 34 15 34
4 17 3 17
0 19 0 20
19 3 19 4
36 18 37 18
16 10 17 10
28 7 28 8
33 37 32 37
9 17 9 18
17 18 17 19
22 27 22 28
18 27 19 27
16 18 16 17
25 19 25 20
24 23 25 23
4 25 5 25
13 15 14 15
3 30 4 30
4 33 4 32
9 12 9 13
11 4 10 4
4 34 3 34
23 31 22 31
24 12 24 11
4 10 5 10
9 31 10 31
22 26 21 26
20 22 20 23
3 26 2 26
8 21 7 21
11 17 11 18
32 16 32 15
11 14 10 14
23 13 24 13
21 23 21 22
5 24 6 24
19 17 19 18
9 19 8 19
23 12 23 11
27 31 27 32
14 32 14 33
28 36 28 35
25 7 26 7
22 11 21 11
19 34 20 34
2 19 3 19
12 23 12 22
33 15 34 15
24 5 24 6
1 10 1 9
34 22 34 21
16 23 16 24
4 9 4 8
17 31 18 31
12 20 12 19
26 13 26 12
8 2 8 3
13 8 12 8
29 29 30 29
34 29 34 30
29 28 30 28
31 7 31 6
29 27 28 27
31 10 30 10
26 24 27 24
25 10 25 9
25 11 25 10
26 10 26 11
3 13 4 13
150
5 10 3 10
5 11 5 10
5 14 5 11
5 17 5 14
5 19 5 17
7 17 5 17
3 19 5 19
7 19 7 17
3 17 3 19
3 21 3 19
7 21 7 19
7 24 7 21
9 24 7 24
9 25 9 24
10 25 9 25
7 27 7 24
7 29 7 27
7 32 7 29
3 27 7 27
3 28 3 27
1 28 3 28
5 5 5 10
7 5 5 5
5 3 5 5
9 5 7 5
11 5 9 5
1 3 5 3
0 3 1 3
7 0 7 5
1 34 1 28
3 34 1 34
9 34 3 34
12 34 9 34
9 37 9 34
13 27 7 27
13 0 7 0
11 11 5 11
19 27 13 27
23 27 19 27
23 25 23 27
23 23 23 25
20 23 23 23
19 23 20 23
19 22 19 23
27 27 23 27
27 29 27 27
27 24 27 27
29 24 27 24
27 32 27 29
19 18 19 22
19 15 19 18
22 15 19 15
22 12 22 15
29 20 29 24
30 20 29 20
29 18 29 20
32 20 30 20
29 16 29 18
29 15 29 16
28 15 29 15
32 22 32 20
32 15 29 15
34 15 32 15
35 15 34 15
34 18 34 15
37 18 34 18
26 12 22 12
26 11 26 12
29 11 26 11
37 22 37 18
37 24 37 22
26 7 26 11
26 3 26 7
25 3 26 3
27 3 26 3
25 2 25 3
25 1 25 2
22 7 26 7
22 5 22 7
23 32 27 32
21 32 23 32
19 32 21 32
15 18 19 18
15 19 15 18
15 21 15 19
19 37 19 32
21 37 19 37
20 1 25 1
18 1 20 1
32 27 32 22
16 7 22 7
14 7 16 7
33 32 27 32
32 1 25 1
34 7 26 7
37 7 34 7
37 6 37 7
15 9 10 9
15 13 15 9
18 13 15 13
18 16 18 13
15 17 15 13
13 17 15 17
13 18 13 17
13 19 13 18
12 19 13 19
12 22 12 19
8 19 12 19
12 26 12 22
10 26 12 26
8 26 10 26
16 26 12 26
16 24 16 26
16 22 16 24
16 21 16 22
18 21 16 21
16 19 16 21
9 13 15 13
8 13 9 13
8 12 8 13
8 31 8 30
8 33 8 31
11 33 8 33
5 33 8 33
5 31 5 33
14 33 11 33
14 35 14 33
2 33 5 33
17 35 14 35
17 33 17 35
11 35 14 35
20 30 8 30
9 8 9 7
11 7 9 7
11 8 11 7
13 7 11 7
13 4 13 7
14 4 13 4
19 4 14 4
19 2 19 4
21 4 19 4
10 1 8 1
8 3 8 1
12 1 10 1
15 1 12 1
15 2 15 1
15 3 15 2
17 2 15 2
17 0 17 2
28 17 21 17
