87
1 24 1 23
20 21 20 20
21 10 21 9
6 24 6 23
8 21 9 21
3 1 3 2
5 24 4 24
11 17 11 18
10 8 9 8
10 7 10 8
18 3 18 4
18 2 18 3
6 7 5 7
1 0 0 0
0 24 1 24
0 23 0 24
1 23 0 23
2 14 2 13
20 11 20 10
21 18 20 18
19 7 19 8
20 7 19 7
20 8 20 7
10 14 10 13
18 19 18 20
0 14 1 14
20 20 19 20
18 11 18 12
20 10 21 10
22 14 22 15
20 23 20 24
20 25 21 25
4 4 4 5
17 16 17 15
16 16 17 16
22 4 21 4
16 5 17 5
6 0 5 0
10 15 9 15
5 11 4 11
8 13 9 13
17 17 16 17
18 12 19 12
22 10 23 10
21 9 21 8
5 9 5 8
9 15 9 14
22 12 22 11
6 17 6 16
5 17 6 17
5 16 5 17
25 17 25 16
12 20 11 20
6 4 6 5
11 22 11 23
4 5 3 5
1 13 1 12
20 12 20 11
1 21 0 21
4 20 4 19
23 22 22 22
12 18 12 19
5 8 6 8
12 19 11 19
15 24 15 23
2 17 2 18
3 17 4 17
18 14 18 13
0 24 0 25
22 6 23 6
16 11 16 12
3 2 4 2
20 13 19 13
15 13 16 13
15 12 15 13
13 7 12 7
9 17 9 18
11 9 12 9
20 11 19 11
12 14 12 13
8 17 8 18
15 5 15 6
12 6 11 6
11 10 12 10
16 22 16 23
6 18 6 19
22 23 21 23
112
4 7 3 7
5 7 4 7
3 9 3 7
3 10 3 9
4 10 3 10
4 11 4 10
4 13 4 11
3 13 4 13
2 13 3 13
2 15 2 13
5 4 5 7
5 2 5 4
4 2 5 2
5 0 5 2
1 2 4 2
1 1 1 2
1 4 1 2
9 0 5 0
9 13 4 13
9 14 9 13
10 13 9 13
11 13 10 13
12 13 11 13
11 14 11 13
12 10 12 13
12 9 12 10
12 7 12 9
15 13 12 13
16 13 15 13
16 12 16 13
18 13 16 13
19 13 18 13
19 12 19 13
19 11 19 12
9 9 12 9
7 9 9 9
7 10 7 9
22 11 19 11
19 8 19 11
19 7 19 8
21 8 19 8
22 8 21 8
22 15 22 11
21 15 22 15
22 17 22 15
22 19 22 17
23 19 22 19
22 20 22 19
21 20 22 20
22 22 22 20
21 22 22 22
21 23 21 22
19 20 21 20
18 20 19 20
21 25 21 23
16 20 18 20
19 25 21 25
16 17 16 20
16 23 16 20
15 23 16 23
15 25 15 23
11 23 15 23
10 23 11 23
9 23 10 23
9 24 9 23
11 21 11 23
11 20 11 21
10 21 11 21
11 19 11 20
9 21 10 21
11 18 11 19
9 18 11 18
8 18 9 18
8 16 8 18
6 23 9 23
3 23 6 23
3 25 3 23
0 23 3 23
0 21 0 23
0 25 0 23
12 3 12 7
21 4 21 8
23 4 21 4
18 4 21 4
18 3 18 4
16 4 18 4
15 4 16 4
18 6 18 4
15 6 15 4
15 0 15 4
4 21 0 21
4 19 4 21
4 17 4 19
5 17 4 17
6 17 5 17
6 19 4 19
25 23 21 23
0 17 4 17
6 5 6 3
8 5 6 5
6 8 6 5
6 9 6 8
6 10 6 9
5 10 6 10
8 8 6 8
9 8 8 8
10 8 9 8
11 8 10 8
11 6 11 8
11 2 11 6
7 2 11 2
7 1 7 2
