179
4 28 4 29
4 6 3 6
30 27 30 28
5 32 5 33
5 3 4 3
20 2 19 2
2 27 2 28
4 13 3 13
4 29 4 30
30 2 30 3
3 30 3 29
6 31 7 31
20 0 20 1
28 10 28 11
20 6 21 6
12 6 12 5
16 6 16 7
13 21 13 20
0 8 1 8
20 7 20 6
9 26 8 26
0 25 1 25
1 6 2 6
31 5 32 5
30 28 29 28
10 2 10 3
3 2 3 3
4 3 4 2
3 6 3 5
32 6 33 6
19 15 19 14
16 31 15 31
5 14 5 13
33 28 32 28
6 29 6 30
28 11 27 11
4 30 3 30
0 4 1 4
31 27 30 27
24 8 24 7
30 7 30 8
25 33 25 32
25 23 25 24
7 12 7 11
33 21 33 20
7 20 7 21
22 13 21 13
13 17 14 17
18 28 18 27
2 25 2 24
19 2 19 3
15 31 15 30
24 21 24 20
13 19 13 18
16 14 16 13
3 10 2 10
12 17 13 17
12 14 12 15
13 14 12 14
29 13 29 14
24 24 23 24
30 17 30 16
17 32 17 33
11 22 11 21
19 16 20 16
11 21 12 21
27 30 27 29
32 11 32 12
18 27 17 27
8 26 8 27
32 17 32 18
16 24 16 23
31 20 31 21
30 20 31 20
29 14 29 15
2 10 2 9
5 21 5 20
12 33 13 33
0 9 0 10
7 5 7 6
19 23 19 22
25 21 24 21
10 29 9 29
13 18 12 18
6 16 6 17
6 8 6 7
26 9 27 9
31 30 31 31
14 30 14 31
0 16 1 16
0 17 0 16
1 17 0 17
9 15 10 15
1 16 1 17
9 8 9 7
32 15 31 15
6 3 6 4
7 3 6 3
17 21 16 21
8 19 9 19
14 5 14 6
29 20 29 21
24 6 23 6
7 27 6 27
32 5 32 4
29 30 28 30
21 16 22 16
26 22 26 21
10 22 10 21
6 2 7 2
27 12 28 12
27 15 27 16
11 31 11 30
12 24 12 23
10 12 10 13
20 24 19 24
1 25 1 26
13 5 14 5
14 6 13 6
9 3 8 3
9 23 10 23
9 24 9 23
21 3 21 2
25 4 25 3
28 28 28 27
6 17 7 17
14 17 14 16
16 7 17 7
2 15 2 16
16 1 16 2
3 5 3 4
22 22 21 22
28 17 28 18
12 13 13 13
13 28 12 28
17 7 17 8
10 14 11 14
13 20 14 20
8 23 8 22
4 10 5 10
21 26 21 27
13 8 13 9
28 18 27 18
2 13 2 14
17 8 18 8
25 17 25 16
18 15 17 15
28 22 28 21
20 17 21 17
27 13 27 12
32 29 33 29
6 26 5 26
18 8 19 8
6 18 6 19
7 17 8 17
11 19 11 20
33 13 32 13
5 29 4 29
28 13 27 13
9 25 9 24
14 11 14 10
13 7 14 7
7 21 8 21
13 9 12 9
18 3 17 3
10 26 10 25
16 26 16 25
23 17 23 18
12 26 12 25
28 12 28 13
1 13 2 13
33 16 32 16
3 13 3 12
21 17 21 18
22 16 22 17
27 12 28 12
31 20 31 19
14 26 14 25
20 16 20 17
120
3 4 1 4
3 3 3 4
6 4 3 4
6 3 6 4
8 3 6 3
8 0 8 3
1 8 1 4
1 9 1 8
13 0 8 0
13 6 13 0
11 6 13 6
20 6 13 6
20 3 20 6
20 1 20 3
19 1 20 1
25 3 20 3
27 3 25 3
30 3 27 3
31 3 30 3
30 0 30 3
27 6 27 3
27 9 27 6
27 11 27 9
25 11 27 11
33 6 27 6
33 5 33 6
3 12 3 4
8 12 3 12
3 17 3 12
3 18 3 17
1 17 3 17
0 17 1 17
8 18 3 18
8 17 8 18
8 21 8 18
6 21 8 21
10 21 8 21
10 23 10 21
9 23 10 23
12 21 10 21
12 23 10 23
12 25 12 23
10 25 10 23
14 25 12 25
16 25 14 25
16 23 16 25
16 21 16 23
12 28 12 25
12 18 12 21
12 15 12 18
12 14 12 15
10 15 12 15
6 25 6 21
5 25 6 25
5 26 5 25
5 28 5 26
7 28 5 28
2 28 5 28
0 28 2 28
2 31 2 28
20 23 16 23
22 23 20 23
20 25 20 23
22 21 22 23
24 21 22 21
26 21 24 21
28 21 26 21
29 21 28 21
26 19 26 21
29 19 29 21
31 21 29 21
32 21 31 21
29 17 29 19
29 16 29 17
29 15 29 16
31 19 29 19
31 17 31 19
31 15 29 15
33 15 31 15
16 17 16 21
16 16 16 17
16 13 16 16
14 13 16 13
22 17 22 21
20 17 22 17
22 15 22 17
20 19 20 17
19 19 20 19
24 25 20 25
27 25 24 25
27 29 27 25
5 33 5 28
10 33 5 33
10 32 10 33
0 23 0 28
33 29 27 29
33 32 33 29
33 23 33 29
24 33 24 25
12 9 4 9
12 10 12 9
12 11 12 10
14 10 12 10
14 12 14 10
14 7 14 10
7 11 12 11
9 7 14 7
21 10 14 10
28 12 14 12
28 13 28 12
27 13 28 13
27 16 27 13
27 18 27 16
26 18 27 18
25 18 26 18
25 16 27 16
23 16 25 16
23 18 25 18
32 13 28 13
6 32 6 30
