165
3 12 4 12
13 13 13 12
13 14 13 13
13 15 13 14
1 16 0 16
2 16 1 16
2 17 2 16
2 18 2 17
1 18 2 18
1 17 1 18
2 17 1 17
15 11 15 10
15 12 15 11
15 13 15 12
15 14 15 13
15 15 15 14
15 16 15 15
16 16 15 16
16 19 16 20
17 19 16 19
18 13 18 12
12 13 11 13
12 12 12 13
18 14 18 13
18 19 17 19
18 20 18 19
11 6 11 7
12 6 11 6
12 9 13 9
17 20 18 20
17 19 17 20
19 14 18 14
19 13 19 14
18 13 19 13
3 8 3 9
15 2 15 1
15 3 15 2
14 2 14 3
14 1 14 2
15 1 14 1
15 2 15 1
3 7 3 8
12 5 12 6
13 5 12 5
13 6 13 5
13 16 13 15
12 16 13 16
12 15 12 16
13 15 12 15
4 20 4 19
3 20 4 20
12 19 12 20
11 19 12 19
11 20 11 19
14 20 13 20
14 19 14 20
13 19 14 19
16 2 15 2
13 16 13 15
9 19 9 18
18 14 18 13
18 15 18 14
18 16 18 15
16 8 16 7
2 20 3 20
13 17 13 16
5 8 6 8
5 9 5 8
4 9 5 9
3 9 4 9
0 7 0 8
2 9 3 9
2 8 2 9
1 7 0 7
2 7 1 7
2 6 2 7
9 10 9 11
16 9 16 8
17 9 16 9
3 6 2 6
2 7 3 7
5 6 4 6
4 6 3 6
7 8 7 9
9 9 9 10
6 2 5 2
7 2 6 2
7 1 7 2
6 1 7 1
6 2 6 1
9 8 9 9
7 7 7 8
6 7 7 7
6 6 6 7
7 6 6 6
7 5 7 6
8 5 7 5
8 6 8 5
7 6 8 6
7 5 7 6
8 5 7 5
4 5 4 6
4 4 4 5
5 7 5 6
4 7 5 7
4 6 4 7
17 2 16 2
17 3 17 2
17 4 17 3
3 2 4 2
20 15 20 16
14 3 15 3
14 2 14 3
14 1 14 2
20 6 20 5
16 4 17 4
16 5 16 4
17 5 16 5
20 7 20 6
19 7 20 7
13 12 12 12
19 15 20 15
16 0 17 0
19 4 19 3
13 1 14 1
12 1 13 1
12 2 12 1
13 0 14 0
13 1 13 0
14 1 13 1
9 7 9 8
8 7 9 7
8 8 8 7
9 7 9 6
8 7 9 7
8 6 8 7
9 6 8 6
15 0 16 0
18 2 19 2
7 8 8 8
17 16 18 16
18 1 18 2
19 1 18 1
19 2 19 1
9 2 9 3
8 2 9 2
18 15 19 15
18 16 18 15
19 16 18 16
20 2 19 2
20 1 20 2
19 1 20 1
18 16 17 16
18 15 18 16
17 15 18 15
8 1 8 2
14 17 13 17
14 16 14 17
13 16 14 16
8 0 8 1
7 0 8 0
7 1 7 0
6 1 7 1
15 1 14 1
18 16 19 16
234
1 8 0 8
3 8 1 8
3 7 3 8
4 8 3 8
4 7 3 7
5 8 4 8
3 9 3 8
6 8 5 8
3 10 3 9
6 7 6 8
2 10 3 10
6 6 6 7
6 9 6 8
2 11 2 10
7 6 6 6
6 10 6 9
1 10 2 10
6 11 6 10
3 11 3 10
7 11 6 11
4 11 3 11
7 12 7 11
8 11 7 11
8 9 8 11
9 9 8 9
8 8 8 9
9 8 9 9
10 9 9 9
10 10 10 9
11 10 10 10
12 10 11 10
12 11 12 10
12 12 12 11
11 12 12 12
10 12 11 12
9 12 10 12
9 13 9 12
9 14 9 13
8 14 9 14
7 14 8 14
14 12 12 12
15 12 14 12
14 13 14 12
16 12 15 12
14 14 14 13
17 12 16 12
13 14 14 14
18 12 17 12
13 15 13 14
18 13 18 12
15 14 14 14
14 11 14 12
16 14 15 14
16 15 16 14
18 15 16 15
16 17 16 15
16 18 16 17
16 19 16 18
4 5 4 7
18 19 16 19
4 3 4 5
3 14 3 11
3 15 3 14
2 15 3 15
1 15 2 15
2 16 2 15
0 15 1 15
0 14 0 15
2 18 2 16
12 6 12 10
12 5 12 6
12 4 12 5
14 6 12 6
15 6 14 6
15 5 15 6
15 3 15 5
15 2 15 3
14 3 15 3
13 3 14 3
4 2 4 1
5 1 4 1
5 2 4 2
5 0 5 1
7 2 5 2
8 2 7 2
9 2 8 2
9 3 9 2
9 4 9 3
10 3 9 3
10 4 9 4
9 5 9 4
9 7 9 5
10 7 9 7
11 7 10 7
11 8 11 7
11 13 10 13
10 14 10 13
12 13 11 13
10 15 10 14
11 15 10 15
11 16 11 15
12 15 11 15
11 17 11 16
11 18 11 17
11 19 11 18
10 18 11 18
12 19 11 19
14 17 14 16
15 16 14 16
14 18 14 17
13 18 14 18
13 20 13 18
12 20 13 20
10 20 12 20
10 19 10 20
8 19 10 19
8 18 8 19
17 4 16 4
18 4 17 4
18 6 18 4
18 7 18 6
17 7 18 7
16 7 17 7
20 4 18 4
20 2 20 4
19 2 20 2
20 1 20 2
3 18 3 17
4 17 3 17
4 18 3 18
5 18 4 18
4 19 4 18
6 18 5 18
3 19 4 19
4 16 4 17
3 20 3 19
11 3 11 2
11 4 11 3
11 5 11 4
11 6 11 5
10 6 11 6
13 2 11 2
13 1 13 2
14 1 13 1
14 0 13 0
16 0 14 0
17 0 16 0
17 1 17 0
18 1 17 1
17 2 17 1
18 2 18 1
16 2 17 2
14 9 13 9
15 9 14 9
16 9 15 9
16 10 16 9
16 11 16 10
15 11 16 11
18 9 16 9
18 8 18 9
3 5 3 4
3 6 3 5
2 6 3 6
1 6 2 6
0 6 1 6
0 5 0 6
6 3 5 3
6 4 6 3
7 3 6 3
7 4 6 4
7 5 7 4
6 5 6 4
7 1 7 0
8 0 7 0
8 1 7 1
9 1 8 1
9 0 8 0
16 20 15 20
17 20 16 20
18 20 17 20
19 20 18 20
20 20 19 20
18 17 17 17
17 18 17 17
19 17 18 17
19 18 19 17
20 18 19 18
3 1 3 0
4 0 3 0
3 3 3 1
2 3 3 3
5 13 5 12
6 12 5 12
6 13 5 13
6 14 6 13
1 2 1 1
2 1 1 1
2 2 1 2
9 16 8 16
9 17 9 16
9 18 9 17
1 4 0 4
1 5 1 4
2 5 1 5
1 18 0 18
1 19 1 18
2 19 1 19
4 14 4 13
4 15 4 14
5 14 4 14
18 10 17 10
17 11 17 10
18 11 18 10
12 0 11 0
11 1 11 0
12 1 12 0
17 3 16 3
18 3 17 3
19 3 18 3
0 13 0 12
1 12 0 12
0 17 0 16
1 17 0 17
7 16 6 16
7 15 7 16
8 6 8 4
8 7 8 6
13 8 13 7
14 8 13 8
14 10 13 10
15 10 14 10
19 16 17 16
20 16 19 16
6 19 5 19
