336
6 13 5 13
31 31 30 31
32 27 31 27
30 23 31 23
5 16 5 17
5 6 5 7
4 6 5 6
25 9 25 8
5 7 4 7
5 6 5 7
9 9 8 9
24 5 23 5
25 19 25 20
4 19 4 20
5 19 4 19
8 4 8 5
29 27 29 26
21 22 22 22
9 6 10 6
9 7 9 6
30 27 30 28
22 29 23 29
4 13 4 12
28 25 29 25
4 19 4 18
30 26 30 27
28 22 28 23
29 22 28 22
4 21 5 21
25 25 26 25
22 22 22 23
24 18 24 19
8 25 8 26
17 30 16 30
21 33 21 34
20 33 21 33
5 29 4 29
1 16 1 17
6 19 7 19
16 33 16 34
26 8 26 7
0 4 0 5
17 21 17 22
21 29 22 29
11 9 10 9
0 16 1 16
23 15 23 16
25 3 25 2
10 9 9 9
19 15 19 14
18 32 18 33
1 31 1 32
16 22 16 21
28 13 27 13
27 0 26 0
3 2 2 2
20 13 19 13
33 6 33 7
1 32 2 32
23 4 22 4
10 11 10 10
10 6 11 6
25 2 26 2
4 15 5 15
8 26 9 26
19 32 19 31
26 0 25 0
26 1 26 0
19 31 18 31
23 7 23 8
33 28 33 27
24 17 25 17
25 17 25 18
22 4 22 5
23 29 23 30
13 12 13 11
23 16 24 16
9 12 9 11
10 12 9 12
33 32 32 32
33 33 33 32
20 16 21 16
22 26 21 26
16 7 17 7
13 11 12 11
28 30 29 30
19 13 19 12
28 33 27 33
29 34 28 34
23 3 24 3
17 7 17 8
21 16 22 16
24 31 23 31
22 16 23 16
30 33 31 33
30 34 30 33
9 6 10 6
13 8 13 7
26 33 26 32
23 33 24 33
9 8 10 8
21 9 20 9
21 8 21 9
14 8 13 8
20 9 20 8
21 9 20 9
24 21 24 20
16 8 16 7
10 8 11 8
10 3 9 3
20 29 20 28
22 29 23 29
23 30 22 30
9 3 9 4
20 32 19 32
34 33 33 33
29 33 29 32
34 18 33 18
26 32 25 32
12 31 13 31
1 9 1 10
4 12 5 12
18 5 18 6
19 5 18 5
18 3 18 4
2 25 1 25
23 16 23 15
19 4 20 4
19 3 19 4
17 0 17 1
20 0 19 0
27 3 27 4
34 22 34 23
24 4 24 5
33 25 34 25
29 1 28 1
22 15 21 15
24 3 24 4
22 3 22 4
20 8 21 8
2 9 1 9
28 1 28 2
18 20 18 19
6 29 5 29
17 26 16 26
9 23 9 24
31 2 31 3
4 32 5 32
20 30 20 29
11 20 11 19
7 31 7 32
8 31 7 31
30 11 31 11
18 30 18 29
16 30 16 29
7 1 6 1
16 15 15 15
9 31 8 31
30 10 30 11
17 8 16 8
17 9 17 8
23 22 22 22
23 21 23 22
29 11 29 12
8 28 7 28
2 30 3 30
30 16 30 17
2 29 3 29
7 28 6 28
30 17 31 17
25 15 26 15
1 10 2 10
20 17 20 16
32 17 33 17
10 15 10 14
2 8 2 7
1 6 2 6
1 7 1 6
2 7 1 7
1 6 0 6
24 11 25 11
4 9 3 9
17 23 18 23
24 13 25 13
25 16 25 17
31 3 30 3
18 23 18 24
30 8 31 8
31 11 31 10
22 22 21 22
31 10 30 10
14 34 14 33
6 1 6 2
26 23 27 23
9 9 9 8
11 30 11 29
34 6 33 6
6 18 5 18
11 13 11 14
19 16 19 15
16 7 17 7
8 20 8 19
5 0 5 1
5 20 5 19
27 33 26 33
13 15 13 14
22 14 21 14
16 21 17 21
16 20 16 21
19 14 19 13
19 15 19 14
10 27 10 28
3 22 4 22
0 22 0 21
2 20 2 21
15 33 15 34
14 33 15 33
3 21 3 20
2 21 3 21
3 9 3 8
8 27 8 26
6 28 6 27
3 20 3 19
32 2 33 2
25 22 24 22
32 3 32 2
32 2 31 2
7 13 7 14
17 21 17 20
14 2 13 2
14 3 14 2
15 1 15 2
14 1 15 1
14 2 14 1
10 20 9 20
17 1 17 2
18 19 17 19
17 20 18 20
9 0 8 0
9 17 9 18
1 27 0 27
19 18 18 18
20 31 20 32
32 19 32 18
22 31 22 32
18 17 19 17
20 26 19 26
17 22 16 22
5 29 5 28
6 34 5 34
15 30 14 30
22 5 21 5
12 17 12 18
13 17 12 17
0 34 1 34
33 7 34 7
15 15 15 16
16 3 15 3
29 18 29 19
0 25 0 24
8 15 9 15
10 16 10 17
11 24 10 24
16 12 15 12
31 6 32 6
11 27 10 27
15 1 16 1
15 0 15 1
32 26 33 26
25 10 26 10
19 25 20 25
12 30 11 30
0 18 0 17
20 20 20 21
26 3 27 3
4 25 5 25
10 6 10 5
15 6 15 5
7 15 7 16
18 29 19 29
23 9 24 9
27 34 27 33
33 13 33 12
24 29 24 28
28 22 28 21
12 28 12 27
1 23 1 22
4 26 4 25
3 26 4 26
3 25 3 26
8 29 8 30
6 10 7 10
19 6 19 5
18 6 19 6
18 5 18 6
30 27 29 27
33 24 33 25
34 25 34 24
27 23 27 22
9 5 9 6
28 17 28 16
25 23 26 23
26 23 26 22
25 24 25 23
10 23 11 23
11 16 11 15
5 13 5 14
1 17 2 17
27 13 26 13
6 16 6 15
7 16 6 16
15 4 16 4
21 2 22 2
11 23 11 24
12 24 12 23
30 19 30 18
10 31 10 30
21 34 20 34
12 18 11 18
6 2 6 3
27 26 27 25
27 5 27 6
9 12 9 13
19 13 18 13
9 13 9 14
18 15 19 15
1 1 1 0
3 27 3 28
4 27 3 27
25 11 25 12
9 32 9 31
31 5 31 4
9 33 9 32
3 27 2 27
30 2 29 2
34 27 34 28
163
0 5 0 1
6 5 0 5
6 6 6 5
8 5 6 5
6 8 6 6
6 9 6 8
6 3 6 5
8 3 8 5
10 5 8 5
13 5 10 5
15 5 13 5
15 3 15 5
1 9 6 9
1 8 1 9
1 12 1 9
5 12 1 12
5 14 5 12
1 16 1 12
10 10 10 5
10 0 10 5
15 12 15 5
15 14 15 12
15 16 15 14
16 16 15 16
19 12 15 12
20 16 16 16
20 18 20 16
18 18 20 18
18 20 18 18
18 21 18 20
20 21 18 21
24 16 20 16
24 19 24 16
27 19 24 19
25 21 20 21
25 23 25 21
28 21 25 21
28 23 28 21
25 26 25 23
28 26 28 23
31 23 28 23
34 23 31 23
21 26 25 26
21 27 21 26
31 27 31 23
33 27 31 27
31 32 31 27
21 33 21 27
22 33 21 33
18 33 21 33
18 31 18 33
15 33 18 33
15 34 15 33
13 34 15 34
28 34 28 26
33 34 28 34
33 33 33 34
9 20 18 20
9 18 9 20
7 18 9 18
5 18 7 18
4 20 9 20
4 22 4 20
4 23 4 22
4 24 4 23
2 23 4 23
2 22 2 23
2 24 2 23
0 23 2 23
0 24 0 23
2 27 2 24
6 27 2 27
6 30 6 27
6 31 6 30
6 33 6 31
8 33 6 33
8 34 8 33
10 27 6 27
2 31 2 27
0 33 6 33
34 12 34 23
33 12 34 12
34 10 34 12
34 8 34 10
33 8 34 8
31 8 33 8
28 8 31 8
28 10 28 8
27 10 28 10
25 8 28 8
23 8 25 8
23 5 23 8
23 2 23 5
22 2 23 2
23 1 23 2
22 1 22 2
26 2 23 2
26 0 26 2
32 0 26 0
11 22 10 22
11 24 11 22
13 24 11 24
13 25 13 24
15 24 13 24
15 25 15 24
11 28 11 24
10 28 11 28
10 30 10 28
11 30 10 30
8 30 10 30
8 31 8 30
8 32 8 31
13 30 11 30
14 30 13 30
19 30 14 30
19 32 19 30
9 8 7 8
9 6 9 8
9 11 9 8
8 11 9 11
12 11 9 11
12 13 12 11
12 17 12 13
17 17 12 17
8 17 8 11
7 17 8 17
5 17 7 17
5 15 5 17
14 23 14 22
16 22 14 22
18 22 16 22
19 22 18 22
18 24 18 22
21 24 18 24
21 22 21 24
23 22 21 22
18 28 18 24
19 28 18 28
16 28 18 28
16 26 16 28
16 4 16 1
17 4 16 4
18 4 17 4
18 6 18 4
18 8 18 6
19 8 18 8
17 8 18 8
16 8 17 8
19 10 19 8
16 10 16 8
26 13 26 11
26 15 26 13
27 15 26 15
30 11 26 11
32 11 30 11
32 15 32 11
32 18 32 15
30 18 32 18
26 18 30 18
26 6 25 6
26 7 26 6
27 6 26 6
27 4 27 6
