96
14 17 14 16
6 16 6 17
7 16 6 16
4 1 4 2
5 1 4 1
6 0 5 0
6 1 6 0
1 3 2 3
4 2 5 2
0 4 1 4
1 11 1 12
0 11 1 11
7 5 8 5
2 12 3 12
1 5 0 5
5 0 5 1
14 0 14 1
8 10 8 11
8 16 9 16
8 17 8 16
9 17 8 17
4 7 5 7
4 6 4 7
9 1 9 0
6 13 5 13
13 9 13 10
17 5 16 5
9 6 10 6
12 1 12 2
11 1 12 1
11 2 11 1
2 2 3 2
8 6 9 6
8 5 8 6
15 4 14 4
4 10 4 9
8 12 7 12
14 4 14 3
15 5 14 5
4 11 4 10
3 11 4 11
7 14 7 15
1 4 1 5
15 2 14 2
5 8 6 8
1 7 2 7
14 5 14 4
6 8 6 9
13 15 12 15
13 16 13 15
4 13 3 13
4 14 4 13
3 14 4 14
0 0 0 1
1 0 0 0
1 1 1 0
13 12 14 12
7 7 7 8
15 8 15 7
5 14 6 14
5 5 4 5
6 5 7 5
3 10 3 11
14 8 14 9
9 3 10 3
9 4 9 3
10 0 10 1
9 0 10 0
11 12 10 12
7 2 7 1
6 11 6 12
5 12 5 11
16 9 16 10
9 13 9 12
15 7 14 7
8 1 9 1
8 2 8 1
9 2 8 2
10 5 11 5
10 6 10 5
11 6 10 6
11 7 12 7
12 6 11 6
10 8 10 9
16 3 17 3
3 6 4 6
3 5 3 6
4 5 3 5
3 6 3 7
13 14 14 14
13 15 13 14
14 15 13 15
12 15 12 14
14 14 14 15
13 14 14 14
13 15 13 14
103
15 0 12 0
15 1 15 0
16 0 15 0
16 2 16 0
15 6 15 1
13 6 15 6
13 5 13 6
13 4 13 5
12 4 13 4
11 4 12 4
11 5 11 4
11 6 11 5
12 2 12 4
11 8 11 6
8 4 11 4
8 3 8 4
8 2 8 3
8 6 8 4
8 7 8 6
8 8 8 7
9 7 8 7
6 2 8 2
6 3 6 2
6 4 6 3
5 4 6 4
4 4 5 4
3 4 4 4
4 3 4 4
6 0 6 2
7 0 6 0
8 0 7 0
4 6 4 4
5 6 4 6
5 7 5 6
4 1 4 3
3 1 4 1
4 0 4 1
3 2 3 1
2 1 3 1
2 3 2 1
0 1 2 1
0 2 0 1
10 0 8 0
8 11 8 8
0 5 0 2
0 7 0 5
0 8 0 7
0 9 0 8
1 8 0 8
0 12 0 9
0 13 0 12
1 12 0 12
1 13 0 13
0 15 0 13
1 15 0 15
1 16 1 15
2 16 1 16
1 17 1 16
2 17 2 16
3 16 2 16
3 17 3 16
4 16 3 16
4 15 4 16
3 13 1 13
4 13 3 13
3 12 3 13
5 13 4 13
4 12 3 12
3 11 3 12
4 11 4 12
5 11 4 11
5 10 5 11
11 11 11 8
8 14 8 11
8 15 8 14
7 15 8 15
9 15 8 15
10 15 9 15
9 16 9 15
10 16 10 15
11 15 10 15
10 17 10 16
11 16 10 16
7 17 7 15
14 16 11 16
14 15 14 16
15 16 14 16
15 15 14 15
15 14 15 15
16 15 15 15
17 15 16 15
16 13 16 15
17 13 16 13
17 12 17 13
16 11 16 13
16 10 16 11
17 10 16 10
13 10 16 10
16 5 16 10
1 6 1 5
2 5 1 5
3 5 2 5
2 7 2 5
