166
20 15 20 14
19 14 19 15
16 11 17 11
19 13 19 14
23 12 22 12
22 12 22 11
21 12 22 12
21 11 21 12
1 3 2 3
0 3 1 3
16 1 15 1
8 23 8 22
0 9 1 9
0 10 0 9
1 10 0 10
22 19 22 20
22 20 21 20
4 10 3 10
2 5 1 5
1 5 1 6
1 4 1 5
1 6 0 6
10 13 11 13
15 16 15 17
7 20 7 21
21 6 21 7
16 4 17 4
23 17 23 16
22 6 21 6
22 11 21 11
9 13 9 12
20 16 20 17
10 12 10 13
17 21 18 21
17 22 17 21
21 4 22 4
21 5 21 4
21 6 21 5
22 10 22 11
21 10 22 10
22 1 23 1
15 17 14 17
16 16 16 17
13 11 13 10
13 12 13 11
14 12 13 12
23 20 23 21
23 21 23 22
22 22 22 21
14 20 15 20
14 21 14 20
10 6 10 5
15 21 14 21
15 22 15 21
10 5 10 4
15 1 15 0
17 5 17 6
21 3 20 3
0 15 0 16
9 14 9 13
11 6 11 5
20 5 20 4
19 6 19 5
21 4 21 3
9 16 8 16
17 11 17 10
15 19 16 19
16 12 16 11
8 16 8 17
7 15 7 16
7 23 7 22
4 15 4 14
5 21 5 22
5 20 5 21
3 20 3 19
16 17 15 17
11 17 11 16
7 3 7 2
6 11 5 11
4 2 4 3
5 2 4 2
6 10 6 11
21 15 20 15
11 10 11 9
11 16 12 16
7 4 7 5
13 20 12 20
16 0 16 1
9 22 10 22
10 23 9 23
11 5 10 5
1 5 1 6
2 17 3 17
2 19 1 19
7 16 6 16
3 1 4 1
21 8 22 8
15 8 14 8
4 12 4 13
3 16 3 15
11 2 11 3
22 10 22 9
6 7 6 8
5 7 6 7
20 9 20 8
5 6 4 6
10 4 11 4
7 11 7 12
15 11 14 11
15 12 15 11
14 23 14 22
15 23 14 23
19 20 20 20
15 7 16 7
9 15 9 16
17 10 17 9
2 7 3 7
4 17 4 18
6 6 7 6
6 5 6 6
13 3 13 4
3 17 3 18
14 0 14 1
17 2 16 2
17 1 17 2
16 1 17 1
21 1 21 0
10 7 10 8
9 7 10 7
9 8 9 7
19 12 19 13
7 10 6 10
12 3 13 3
15 13 16 13
8 8 7 8
16 13 16 12
4 7 5 7
20 14 20 13
14 7 13 7
11 19 11 18
8 12 8 13
8 7 8 8
7 8 7 7
18 9 18 10
8 8 7 8
17 18 16 18
12 21 12 22
3 23 2 23
14 2 14 3
13 15 13 14
12 15 13 15
12 14 12 15
9 16 8 16
9 17 9 16
8 17 9 17
11 7 12 7
12 6 11 6
3 12 4 12
14 16 14 15
19 11 19 10
2 1 2 0
18 11 19 11
18 10 18 11
19 10 18 10
19 11 19 10
18 11 19 11
133
1 2 1 1
1 3 1 2
4 1 1 1
4 2 4 1
1 6 1 3
0 6 1 6
0 8 0 6
4 6 1 6
4 8 4 6
4 9 4 8
6 8 4 8
7 8 6 8
6 7 6 8
7 7 7 8
6 6 6 7
7 6 7 7
7 5 7 6
4 11 4 9
4 12 4 11
2 11 4 11
9 7 7 7
9 6 9 7
2 9 4 9
11 6 9 6
7 2 7 5
11 9 11 6
11 12 11 9
9 12 11 12
13 12 11 12
7 12 9 12
6 12 7 12
13 14 13 12
16 12 13 12
17 12 16 12
18 12 17 12
18 13 18 12
10 14 13 14
21 12 18 12
21 11 21 12
21 9 21 11
21 7 21 9
22 7 21 7
23 7 22 7
19 9 21 9
22 5 22 7
22 4 22 5
23 4 22 4
23 3 23 4
17 9 19 9
23 1 23 3
23 0 23 1
15 9 17 9
21 0 23 0
17 6 17 9
17 4 17 6
10 17 10 14
9 17 10 17
12 17 10 17
7 17 9 17
6 17 7 17
14 17 12 17
6 19 6 17
6 20 6 19
14 19 14 17
14 20 14 19
14 21 14 20
14 22 14 21
14 23 14 22
16 22 14 22
16 23 16 22
12 22 14 22
12 20 12 22
12 19 12 20
10 22 12 22
16 19 14 19
16 18 16 19
8 22 10 22
10 20 10 22
19 18 16 18
19 22 16 22
19 21 19 22
19 23 19 22
19 15 19 18
20 15 19 15
23 22 19 22
17 0 21 0
15 0 17 0
13 0 15 0
12 0 13 0
11 0 12 0
12 2 12 0
2 20 6 20
2 16 2 20
0 16 2 16
0 22 0 16
0 23 0 22
1 22 0 22
2 22 1 22
2 23 2 22
1 8 1 7
1 9 1 8
1 11 1 9
0 11 1 11
1 13 1 11
3 13 1 13
3 14 3 13
4 13 3 13
4 14 3 14
5 13 4 13
5 12 5 13
6 13 5 13
5 11 5 12
6 14 6 13
6 11 5 11
6 16 6 14
8 11 6 11
8 10 8 11
5 9 5 11
6 9 5 9
8 13 6 13
9 13 8 13
10 13 9 13
8 16 6 16
9 16 8 16
11 4 11 3
13 3 11 3
13 4 13 3
14 3 13 3
14 4 13 4
14 1 14 3
17 1 14 1
17 2 17 1
18 1 17 1
