256
14 27 15 27
25 33 25 34
2 36 2 35
4 5 5 5
20 37 20 36
15 31 16 31
15 7 15 8
0 5 0 6
14 35 15 35
34 14 35 14
24 10 23 10
35 28 36 28
34 7 33 7
9 27 9 26
36 11 36 12
37 10 37 11
22 32 22 31
25 22 24 22
1 36 2 36
1 34 2 34
1 35 0 35
36 1 36 0
37 1 36 1
30 3 30 4
6 12 5 12
28 8 28 7
17 37 17 36
33 3 34 3
22 9 22 8
21 3 20 3
26 5 25 5
25 6 26 6
25 5 24 5
25 10 24 10
37 11 36 11
13 31 12 31
8 21 7 21
11 24 12 24
9 28 9 27
11 25 11 24
7 22 8 22
9 22 9 21
8 22 9 22
9 22 10 22
8 9 8 10
14 16 14 17
19 34 19 35
18 34 19 34
29 10 28 10
6 4 5 4
7 0 6 0
26 20 25 20
30 25 30 24
35 30 34 30
4 4 4 5
4 5 4 6
1 9 1 10
17 29 18 29
17 30 17 29
21 18 21 17
31 19 31 20
27 23 27 24
19 0 19 1
7 25 7 24
3 24 2 24
5 25 5 26
0 26 0 25
10 22 10 23
21 36 22 36
22 2 22 3
33 10 34 10
21 33 21 32
21 32 22 32
6 26 6 25
33 7 33 6
32 7 33 7
33 7 34 7
25 31 25 32
9 25 10 25
22 36 22 35
35 36 34 36
15 25 16 25
16 25 16 24
2 18 3 18
31 9 32 9
11 0 11 1
32 33 31 33
32 34 32 33
32 33 33 33
35 2 36 2
37 6 37 7
25 14 24 14
29 29 29 30
35 25 35 26
12 3 12 2
15 11 15 10
28 31 29 31
18 1 18 2
12 4 12 3
5 13 4 13
20 3 20 2
28 7 29 7
1 32 2 32
0 3 1 3
20 27 21 27
19 27 20 27
19 28 19 27
34 34 34 35
1 0 0 0
28 13 28 12
27 13 28 13
27 24 28 24
27 19 27 20
19 19 18 19
4 6 3 6
25 34 26 34
13 11 14 11
1 29 2 29
4 14 5 14
20 18 21 18
20 19 19 19
0 11 0 12
15 16 14 16
18 2 19 2
18 3 18 2
15 2 15 1
2 23 3 23
32 6 32 7
22 20 22 19
5 26 4 26
3 9 2 9
10 29 10 28
9 29 10 29
6 15 6 16
19 19 19 18
30 16 31 16
24 5 24 6
4 8 4 7
22 16 22 15
7 5 8 5
13 27 14 27
10 10 10 9
2 9 2 8
18 27 18 26
31 3 32 3
22 15 23 15
23 12 24 12
0 17 1 17
34 30 33 30
37 31 36 31
16 9 16 8
15 21 16 21
1 27 1 26
16 8 16 7
5 34 5 35
29 22 29 23
12 2 12 1
17 18 18 18
20 22 20 21
36 12 37 12
20 23 20 22
6 33 5 33
21 24 21 25
10 15 9 15
18 16 17 16
22 11 22 10
23 10 23 11
6 11 6 12
1 15 1 14
23 22 23 21
18 23 18 24
10 33 10 34
4 37 4 36
7 21 7 20
9 19 8 19
25 11 25 12
5 37 5 36
32 26 32 27
3 33 3 32
34 4 34 5
7 34 8 34
32 14 33 14
21 17 22 17
36 0 37 0
0 33 0 32
6 16 6 17
29 26 29 25
27 31 26 31
9 10 10 10
37 23 37 22
23 26 23 25
27 25 26 25
6 36 7 36
4 2 4 1
6 12 6 13
16 17 16 16
11 17 12 17
13 36 13 37
14 11 14 10
15 14 15 15
24 7 24 8
22 31 21 31
34 1 35 1
23 29 23 28
34 24 33 24
26 28 26 27
3 23 3 22
2 17 2 18
3 18 3 17
2 15 1 15
25 35 25 36
6 19 6 20
28 32 27 32
5 18 5 19
7 2 7 1
16 21 16 22
31 20 30 20
5 24 5 25
36 29 36 30
26 13 25 13
18 29 18 28
18 24 18 25
2 16 3 16
37 35 36 35
14 12 14 13
7 16 8 16
28 13 28 14
36 17 37 17
12 18 11 18
11 36 11 35
21 20 21 21
2 31 2 30
26 21 26 20
30 20 29 20
4 13 4 12
10 18 10 19
7 37 6 37
19 12 18 12
12 20 11 20
28 4 28 5
2 0 2 1
20 25 20 24
6 0 6 1
26 12 27 12
34 27 35 27
1 15 1 16
2 34 3 34
13 12 13 11
31 33 32 33
2 36 3 36
13 22 14 22
14 32 14 33
32 21 31 21
4 24 3 24
32 2 33 2
32 27 31 27
143
1 26 1 23
4 26 1 26
5 23 1 23
5 21 5 23
2 21 5 21
2 18 2 21
9 21 5 21
11 21 9 21
11 20 11 21
12 21 11 21
11 18 11 20
12 24 12 21
11 15 11 18
9 15 11 15
9 12 9 15
9 11 9 12
15 15 11 15
13 11 9 11
17 11 13 11
17 9 17 11
2 13 2 18
0 13 2 13
2 11 2 13
0 15 0 13
9 26 4 26
1 31 1 26
0 31 1 31
1 33 1 31
4 33 1 33
5 33 4 33
1 37 1 33
4 15 9 15
15 26 9 26
15 27 15 26
19 27 15 27
18 21 12 21
18 20 18 21
20 21 18 21
21 21 20 21
21 22 21 21
21 23 21 22
23 21 21 21
21 25 21 23
23 25 21 25
21 27 21 25
23 18 23 21
26 25 23 25
26 27 26 25
23 15 23 18
29 25 26 25
29 23 29 25
21 31 21 27
20 17 20 21
26 31 26 27
26 34 26 31
26 35 26 34
23 11 23 15
31 27 26 27
35 27 31 27
35 29 35 27
31 34 26 34
35 34 31 34
37 34 35 34
37 33 37 34
35 23 29 23
21 37 21 31
10 9 17 9
10 8 10 9
7 9 10 9
31 21 23 21
31 16 31 21
31 15 31 16
37 25 37 33
15 35 15 27
12 31 1 31
32 9 17 9
32 11 32 9
36 11 32 11
36 2 36 11
36 1 36 2
33 2 36 2
33 4 33 2
33 6 33 4
26 6 33 6
26 4 26 6
18 4 26 4
18 2 18 4
18 0 18 2
22 0 18 0
22 1 22 0
23 1 22 1
13 2 18 2
13 0 13 2
12 0 13 0
30 1 23 1
5 2 13 2
5 4 5 2
0 4 5 4
0 0 0 4
7 32 3 32
8 32 7 32
8 34 8 32
10 34 8 34
8 36 8 34
7 36 8 36
5 36 7 36
4 36 5 36
3 36 4 36
4 34 4 36
3 34 4 34
14 36 8 36
17 36 14 36
20 36 17 36
17 29 17 36
17 28 17 29
18 28 17 28
20 28 18 28
28 11 28 10
28 12 28 11
27 12 28 12
30 12 28 12
31 12 30 12
25 12 27 12
25 13 25 12
31 14 31 12
30 14 31 14
29 14 30 14
29 18 29 14
30 18 29 18
29 20 29 18
27 20 29 20
25 20 25 13
32 13 32 12
33 13 32 13
33 14 33 13
33 15 33 14
33 17 33 15
34 17 33 17
37 17 34 17
37 16 37 17
37 19 37 17
37 22 37 19
37 12 37 16
