392
15 15 16 15
6 20 6 21
6 19 6 20
22 14 22 13
3 20 3 19
4 20 4 21
26 25 26 26
11 13 12 13
13 17 12 17
13 18 13 17
24 18 23 18
24 17 24 18
30 12 29 12
15 2 14 2
5 22 5 23
29 12 28 12
20 14 19 14
14 12 14 11
5 27 4 27
22 9 23 9
19 11 18 11
8 1 8 0
21 22 21 21
14 11 13 11
13 12 14 12
8 17 8 16
13 6 12 6
7 1 8 1
7 2 7 1
16 0 17 0
16 1 16 0
13 26 14 26
13 25 13 26
0 15 1 15
21 9 22 9
12 12 13 12
6 26 6 25
20 2 20 1
3 25 2 25
6 25 7 25
8 16 9 16
10 26 9 26
10 25 10 26
5 16 4 16
5 24 6 24
3 13 2 13
8 25 9 25
9 25 9 24
29 23 28 23
27 16 27 17
11 14 11 13
23 18 23 17
3 14 3 13
5 25 6 25
5 1 4 1
5 0 5 1
6 3 7 3
3 19 2 19
7 26 6 26
18 4 19 4
27 5 28 5
28 29 28 30
28 5 28 4
27 10 27 9
29 26 29 25
28 23 27 23
18 25 17 25
5 21 5 22
8 1 8 2
21 3 22 3
28 27 27 27
2 9 3 9
13 24 13 23
27 19 27 18
6 4 5 4
19 25 18 25
20 3 20 2
20 1 21 1
31 17 31 18
31 14 31 15
19 19 19 18
20 22 20 23
1 10 2 10
26 29 26 30
4 14 4 15
20 23 21 23
1 11 1 10
24 13 24 14
30 18 30 19
20 25 19 25
2 3 2 4
3 3 2 3
15 13 15 12
14 13 15 13
14 12 14 13
2 30 2 31
29 29 28 29
26 27 25 27
21 28 20 28
25 28 26 28
24 7 23 7
5 30 6 30
23 13 24 13
1 10 1 9
1 27 2 27
24 14 23 14
0 11 1 11
13 20 14 20
6 30 6 29
27 20 27 19
28 20 27 20
28 19 28 20
5 15 5 16
16 12 16 13
23 12 23 13
30 21 29 21
30 22 30 21
9 16 9 15
30 19 31 19
24 27 24 26
22 13 22 12
25 27 25 28
5 9 5 8
31 15 30 15
11 28 11 29
12 28 11 28
4 21 5 21
8 18 8 17
30 13 31 13
3 15 3 14
4 15 3 15
23 14 22 14
6 10 5 10
21 0 22 0
5 28 5 27
28 20 28 21
9 2 9 3
10 2 9 2
22 0 22 1
6 9 6 10
4 25 4 26
5 6 5 7
4 6 5 6
5 10 5 9
10 27 10 28
11 27 10 27
29 0 28 0
22 14 22 13
5 3 6 3
24 13 24 14
27 11 28 11
27 3 27 2
15 6 15 5
3 10 4 10
21 4 21 3
20 6 20 7
21 6 20 6
5 19 6 19
8 6 9 6
23 7 23 6
8 17 8 16
30 11 30 12
11 3 11 4
21 1 21 0
0 14 0 13
1 14 0 14
4 1 4 2
11 2 11 3
8 16 7 16
19 1 19 2
12 7 12 8
24 2 24 1
25 2 24 2
8 9 9 9
2 1 2 2
3 1 2 1
3 2 3 1
26 16 27 16
14 30 14 31
25 11 25 10
22 13 21 13
31 0 31 1
30 0 31 0
30 1 30 0
27 16 28 16
19 30 19 31
20 31 20 30
29 30 29 29
28 30 29 30
28 29 28 30
5 13 5 12
5 29 4 29
27 14 27 13
26 14 27 14
9 23 8 23
7 12 7 11
6 14 5 14
23 15 23 16
22 10 23 10
25 17 26 17
3 17 2 17
17 4 17 5
16 4 17 4
16 5 16 4
27 18 26 18
27 19 28 19
18 8 18 7
27 20 28 20
30 20 30 19
30 12 29 12
21 25 21 26
27 13 28 13
4 17 3 17
4 16 4 17
28 13 29 13
23 25 23 26
10 16 11 16
17 29 16 29
13 16 14 16
17 22 17 21
0 1 0 0
1 1 0 1
1 0 1 1
28 21 28 22
29 24 29 23
27 24 26 24
27 23 27 24
7 11 8 11
31 4 30 4
30 3 31 3
26 15 25 15
20 10 20 9
7 23 7 22
3 11 3 12
0 5 0 6
20 30 19 30
1 8 2 8
23 23 23 24
24 23 23 23
24 24 24 23
18 16 18 15
19 15 19 16
13 22 12 22
26 10 26 11
5 4 5 3
17 25 17 26
16 25 17 25
17 24 16 24
8 8 8 7
2 17 2 16
12 18 13 18
4 24 4 25
6 8 6 7
5 23 5 24
4 23 5 23
31 27 31 28
2 21 2 22
20 11 20 10
22 9 22 10
3 12 2 12
27 9 27 8
1 23 2 23
1 22 1 23
2 22 1 22
13 31 13 30
29 3 29 4
25 16 25 17
2 10 3 10
2 11 2 10
13 18 13 19
14 18 13 18
18 18 18 17
31 9 30 9
10 23 9 23
12 22 12 21
5 20 5 19
26 21 25 21
9 23 9 22
16 26 16 27
20 15 19 15
30 30 31 30
13 23 12 23
14 20 14 21
27 12 27 13
0 28 1 28
6 3 6 4
9 18 8 18
8 20 8 19
9 5 10 5
7 22 7 21
22 16 22 17
7 24 7 23
31 12 30 12
31 13 31 12
27 17 27 18
26 17 27 17
23 16 22 16
5 19 5 18
30 4 30 3
31 12 31 11
8 14 8 13
23 2 23 1
12 1 12 0
21 8 21 7
7 23 7 22
22 19 21 19
22 29 21 29
26 22 26 21
22 5 21 5
22 4 22 5
17 14 17 15
16 14 17 14
16 15 16 14
19 26 18 26
16 7 17 7
22 22 21 22
22 21 22 22
21 21 22 21
10 9 10 8
21 2 21 1
21 3 20 3
20 2 21 2
9 19 9 20
11 1 11 2
21 0 20 0
21 1 21 0
22 3 22 2
18 19 19 19
18 20 18 19
10 24 10 23
18 19 17 19
17 20 18 20
18 23 19 23
5 27 5 26
4 27 5 27
4 26 4 27
5 27 5 28
30 24 31 24
6 26 6 27
5 28 4 28
8 19 9 19
15 13 15 14
15 14 15 15
14 14 15 14
29 13 30 13
29 12 29 13
30 12 29 12
9 19 9 18
20 8 21 8
8 18 8 19
12 13 12 12
13 11 12 11
14 13 14 14
13 13 14 13
10 13 10 14
11 13 10 13
23 27 22 27
1 16 0 16
10 19 10 20
9 20 9 19
10 20 9 20
9 15 8 15
9 14 9 15
24 8 24 7
25 8 24 8
21 10 21 9
27 15 28 15
29 13 29 14
30 13 29 13
30 14 30 13
9 18 8 18
7 4 7 5
20 13 20 12
25 14 26 14
26 12 25 12
18 22 18 23
19 22 18 22
19 23 19 22
20 24 20 23
17 25 17 24
18 25 17 25
8 15 8 14
20 21 20 22
19 22 19 21
9 19 9 18
8 19 9 19
8 18 8 19
9 18 8 18
17 25 16 25
9 19 9 18
8 19 9 19
8 18 8 19
107
4 11 1 11
4 13 4 11
3 13 4 13
8 11 4 11
8 13 8 11
8 14 8 13
10 13 8 13
10 14 10 13
4 17 4 13
3 17 4 17
3 18 3 17
1 18 3 18
1 20 1 18
0 20 1 20
1 15 1 18
14 14 10 14
14 13 14 14
16 13 14 13
17 13 16 13
21 13 17 13
21 15 21 13
21 16 21 15
23 13 21 13
21 9 21 13
21 8 21 9
24 8 21 8
27 8 24 8
27 6 27 8
27 4 27 6
27 13 23 13
27 14 27 13
29 13 27 13
29 12 29 13
29 14 29 13
27 17 27 14
27 18 27 17
28 18 27 18
29 18 28 18
31 18 29 18
6 20 1 20
6 19 6 20
8 19 6 19
9 19 8 19
9 18 9 19
9 20 9 19
9 22 9 20
9 24 9 22
9 26 9 24
10 26 9 26
13 26 10 26
14 26 13 26
13 30 13 26
13 19 9 19
13 18 13 19
9 30 9 26
8 30 9 30
16 8 16 13
12 8 16 8
10 8 12 8
10 5 10 8
8 5 10 5
7 5 8 5
8 3 8 5
7 3 8 3
7 1 7 3
6 1 7 1
5 1 6 1
10 1 7 1
14 1 10 1
14 2 14 1
18 1 14 1
27 24 27 18
26 24 27 24
27 27 27 24
30 27 27 27
30 26 30 27
22 27 27 27
22 28 22 27
20 28 22 28
20 23 20 28
20 22 20 23
18 23 20 23
18 22 18 23
20 4 27 4
0 30 8 30
0 29 0 30
15 15 13 15
17 15 15 15
17 16 17 15
19 16 17 16
20 16 19 16
20 17 20 16
20 19 20 17
19 19 20 19
17 19 19 19
19 21 19 19
22 21 19 21
22 22 22 21
23 21 22 21
23 22 22 22
25 22 23 22
25 21 25 22
25 20 25 21
25 17 25 20
25 15 25 17
23 17 25 17
22 17 23 17
