92
6 30 5 30
6 4 7 4
14 0 14 1
26 0 26 1
1 7 0 7
28 33 27 33
35 10 36 10
12 10 12 11
10 34 11 34
4 15 5 15
20 17 20 16
9 34 8 34
12 11 11 11
13 0 12 0
29 14 29 13
25 21 25 20
6 24 6 25
33 21 34 21
3 13 4 13
34 29 35 29
32 26 31 26
26 3 26 2
25 30 24 30
2 30 3 30
7 4 7 3
18 16 18 17
19 16 18 16
22 9 22 8
21 3 20 3
13 34 14 34
9 25 9 26
6 25 5 25
5 32 4 32
17 25 17 26
4 25 4 24
32 32 33 32
12 17 13 17
6 22 7 22
15 25 15 24
7 22 7 23
10 17 9 17
25 11 24 11
23 4 23 3
34 10 34 11
17 26 16 26
24 9 24 10
14 25 14 24
15 16 15 15
9 16 9 15
4 32 4 31
14 5 15 5
5 2 5 3
26 1 27 1
22 33 22 32
18 16 18 15
3 27 4 27
32 31 32 32
3 35 3 36
33 12 33 11
25 19 26 19
6 32 6 33
13 13 13 12
7 27 8 27
24 10 25 10
11 20 12 20
10 26 11 26
22 2 22 1
4 27 4 26
33 30 32 30
36 23 35 23
35 4 36 4
32 14 31 14
11 30 11 31
36 11 36 12
20 23 20 24
23 3 24 3
5 12 5 13
20 16 19 16
25 17 26 17
17 28 18 28
32 13 32 12
4 21 4 22
15 5 15 6
26 12 26 13
25 10 26 10
14 24 13 24
26 23 26 24
18 18 18 19
22 17 21 17
12 29 12 28
22 8 23 8
27 29 27 30
107
4 13 4 0
5 13 4 13
6 13 5 13
6 12 6 13
4 22 4 13
4 24 4 22
4 26 4 24
6 26 4 26
7 26 6 26
9 26 7 26
11 26 9 26
12 26 11 26
13 26 12 26
11 28 11 26
12 28 11 28
13 24 13 26
15 24 13 24
15 22 15 24
11 31 11 28
18 22 15 22
11 34 11 31
18 19 18 22
18 17 18 19
18 15 18 17
17 15 18 15
15 15 17 15
21 17 18 17
23 17 21 17
26 17 23 17
26 19 26 17
0 22 4 22
23 13 23 17
21 13 23 13
20 13 21 13
26 13 23 13
29 13 26 13
26 10 26 13
21 21 21 17
13 17 18 17
11 17 13 17
9 17 11 17
9 15 9 17
8 15 9 15
23 8 23 13
29 8 29 13
29 4 29 8
13 12 13 17
12 12 13 12
9 10 9 15
20 24 15 24
4 31 4 26
3 31 4 31
3 30 3 31
3 33 3 31
6 33 3 33
3 36 3 33
26 24 26 19
9 36 3 36
32 24 26 24
12 6 12 12
12 4 12 6
15 6 12 6
12 0 12 4
15 2 15 6
17 2 15 2
32 30 32 24
32 32 32 30
33 32 32 32
33 31 33 32
30 32 32 32
33 36 33 32
27 30 32 30
27 28 27 30
24 30 27 30
24 31 24 30
24 28 24 30
27 33 27 30
18 28 12 28
5 4 12 4
36 4 29 4
36 8 36 4
36 10 36 8
36 12 36 10
32 10 36 10
32 9 32 10
32 12 32 10
36 19 36 12
25 2 17 2
26 2 25 2
18 36 18 28
20 36 18 36
23 36 20 36
34 17 26 17
34 21 34 17
23 0 12 0
0 10 0 22
0 8 0 10
0 7 0 8
0 2 0 7
3 0 1 0
3 6 3 0
3 7 3 6
3 10 3 7
3 14 3 10
3 15 3 14
2 15 3 15
2 18 2 15
