169
2 21 1 21
8 18 7 18
7 18 7 19
5 18 5 19
9 17 8 17
9 18 9 17
7 4 7 3
2 2 2 1
1 2 2 2
0 2 1 2
5 6 5 7
11 20 11 19
21 18 21 19
5 5 5 6
6 5 5 5
2 7 2 6
4 0 4 1
3 0 4 0
4 1 3 1
5 7 4 7
5 6 5 7
4 6 5 6
22 17 22 16
21 17 22 17
20 18 21 18
17 1 17 0
10 21 11 21
21 18 21 17
22 18 21 18
22 17 22 18
3 15 4 15
15 0 14 0
15 1 15 0
14 0 14 1
9 12 9 13
13 2 12 2
3 7 2 7
13 3 13 2
19 15 19 16
13 2 13 1
13 22 12 22
11 21 11 20
17 14 17 13
19 14 19 15
19 10 20 10
7 5 8 5
8 9 8 8
21 9 20 9
13 21 13 22
12 21 13 21
12 22 12 21
15 22 14 22
19 4 20 4
5 6 6 6
5 5 5 6
23 7 22 7
23 10 22 10
20 11 21 11
20 10 20 11
22 10 22 11
21 11 21 10
22 6 23 6
1 22 1 23
1 18 2 18
2 19 1 19
22 7 22 6
23 1 22 1
22 4 22 5
21 4 22 4
11 15 12 15
16 2 17 2
16 3 16 2
22 3 23 3
10 5 9 5
5 12 5 13
10 15 11 15
9 13 10 13
22 21 22 22
2 22 2 21
22 23 21 23
22 22 22 23
21 22 22 22
22 22 22 21
18 6 19 6
9 2 9 1
6 23 6 22
6 21 7 21
9 16 10 16
13 17 12 17
13 16 13 17
12 16 13 16
16 4 16 5
9 9 8 9
13 11 12 11
22 23 22 22
2 17 1 17
0 11 0 12
17 9 18 9
11 19 12 19
7 0 7 1
17 20 18 20
3 17 3 16
19 12 18 12
3 20 3 19
6 15 5 15
6 14 6 15
23 22 23 23
18 20 18 21
15 9 14 9
22 22 21 22
15 11 14 11
7 10 6 10
7 11 7 10
16 9 15 9
5 7 6 7
15 6 15 7
16 20 15 20
12 9 12 10
17 8 16 8
13 6 14 6
16 19 15 19
4 10 3 10
19 2 18 2
2 15 2 16
19 19 18 19
19 20 19 19
1 10 0 10
20 0 21 0
23 11 23 10
19 3 19 2
13 19 14 19
21 7 21 8
14 6 15 6
14 11 14 10
15 10 15 11
3 14 3 13
7 8 7 7
8 8 7 8
3 1 3 2
15 9 15 10
19 18 18 18
14 7 14 6
14 3 15 3
14 4 14 3
7 3 6 3
15 20 15 21
5 20 5 21
4 23 5 23
12 3 11 3
14 15 15 15
16 1 17 1
16 0 16 1
17 0 16 0
8 12 9 12
8 13 8 12
23 6 23 7
22 6 23 6
6 15 6 16
22 5 22 6
21 5 21 4
22 4 22 5
22 20 22 19
21 20 22 20
21 19 21 20
21 4 21 3
5 15 6 15
18 3 19 3
18 2 18 3
19 2 18 2
130
1 2 1 1
2 1 1 1
2 2 1 2
3 2 2 2
5 2 3 2
5 4 5 2
7 2 5 2
8 2 7 2
5 6 5 4
3 6 5 6
2 6 3 6
1 6 2 6
0 6 1 6
0 7 0 6
0 10 0 7
0 12 0 10
1 12 0 12
4 12 1 12
4 14 4 12
4 15 4 14
5 14 4 14
8 14 5 14
9 14 8 14
8 12 8 14
9 12 8 12
8 10 8 12
8 9 8 10
7 9 8 9
12 14 9 14
14 14 12 14
14 13 14 14
14 16 14 14
14 17 14 16
15 16 14 16
15 17 14 17
14 18 14 17
13 17 14 17
14 19 14 18
13 18 14 18
12 18 13 18
12 19 12 18
10 18 12 18
17 17 15 17
14 10 14 13
15 10 14 10
14 9 14 10
17 10 15 10
18 10 17 10
17 12 17 10
15 7 15 10
15 6 15 7
14 6 15 6
17 7 15 7
19 7 17 7
19 6 19 7
19 8 19 7
21 8 19 8
21 10 21 8
23 8 21 8
23 7 23 8
23 10 21 10
21 12 21 10
23 12 23 10
21 14 21 12
20 14 21 14
23 14 21 14
18 14 20 14
19 3 19 6
18 3 19 3
18 2 18 3
21 3 19 3
21 2 21 3
18 0 18 2
21 0 21 2
16 0 18 0
15 0 16 0
23 0 21 0
13 0 15 0
15 3 15 0
14 3 15 3
11 3 14 3
11 4 11 3
14 22 14 19
20 19 20 14
20 20 20 19
19 19 20 19
21 20 20 20
20 22 20 20
20 23 20 22
21 22 20 22
21 23 20 23
23 23 21 23
9 6 14 6
2 18 10 18
0 18 2 18
2 20 2 18
2 21 2 20
4 20 2 20
4 21 4 20
6 6 6 3
6 7 6 6
7 6 6 6
7 7 6 7
7 8 7 7
6 8 6 7
5 8 6 8
6 9 6 8
6 10 6 9
7 10 6 10
5 10 6 10
3 10 5 10
3 9 3 10
3 11 3 10
3 8 3 9
1 9 3 9
9 8 7 8
9 20 9 19
11 20 9 20
12 20 11 20
11 22 11 20
11 23 11 22
13 22 11 22
13 23 13 22
8 23 11 23
6 22 11 22
4 22 6 22
3 22 4 22
0 22 3 22
0 23 0 22
0 20 0 22
