261
23 16 24 16
15 35 15 34
9 36 9 37
41 5 41 4
42 5 41 5
41 21 42 21
15 29 15 28
33 17 34 17
14 29 15 29
0 40 0 41
38 34 39 34
24 16 25 16
16 34 16 33
30 9 30 8
17 43 17 42
5 38 5 37
15 38 15 39
0 41 1 41
17 42 16 42
9 9 8 9
40 4 40 3
1 1 2 1
17 4 17 5
8 9 8 10
25 16 25 17
18 41 18 42
4 0 4 1
12 6 11 6
12 5 12 6
25 2 25 1
13 10 12 10
25 38 24 38
3 30 4 30
36 41 36 42
16 33 15 33
39 31 39 30
36 36 35 36
36 31 36 30
36 38 37 38
36 35 37 35
9 13 10 13
32 44 32 43
40 43 40 44
33 38 34 38
12 30 12 29
0 14 0 15
0 15 0 16
30 2 29 2
30 36 29 36
32 35 33 35
42 21 42 20
32 29 32 28
34 27 34 28
36 27 36 26
44 22 44 21
30 3 30 2
6 25 7 25
32 2 32 3
34 23 35 23
36 25 35 25
37 24 38 24
21 24 21 23
33 21 34 21
9 17 10 17
3 10 4 10
24 20 24 21
5 2 5 1
20 31 20 30
38 11 39 11
39 39 40 39
36 1 36 2
29 2 29 1
17 24 17 23
11 29 11 30
31 7 32 7
5 37 4 37
17 14 17 13
17 13 18 13
36 26 37 26
11 15 10 15
30 8 31 8
5 39 6 39
33 15 33 14
3 8 3 9
31 38 32 38
2 8 3 8
42 27 42 26
42 26 43 26
9 30 10 30
13 34 13 35
25 8 24 8
3 3 3 2
22 21 22 22
1 12 1 11
8 22 8 21
12 36 11 36
8 21 8 20
9 21 9 22
13 20 13 19
16 26 17 26
17 26 17 25
10 13 10 12
37 32 37 33
30 20 31 20
28 23 29 23
10 21 9 21
7 13 7 12
31 14 31 15
28 38 28 39
10 22 11 22
15 34 16 34
8 4 9 4
17 35 17 36
10 0 9 0
2 27 3 27
0 36 0 35
1 29 2 29
9 44 9 43
33 4 34 4
22 5 22 6
3 0 2 0
38 43 39 43
10 42 10 43
41 41 41 42
24 5 24 4
40 14 40 13
8 28 9 28
30 34 30 35
29 34 29 33
29 17 29 18
17 41 17 40
31 6 31 5
3 35 4 35
3 6 4 6
3 7 3 6
33 6 34 6
40 13 40 12
16 43 15 43
0 35 1 35
30 31 29 31
40 26 41 26
5 32 5 33
5 33 5 34
41 4 42 4
0 33 1 33
14 21 14 20
18 15 19 15
7 0 8 0
30 38 30 39
33 9 32 9
13 17 14 17
3 29 3 30
22 39 21 39
7 3 8 3
21 17 21 18
24 4 23 4
21 36 22 36
28 14 28 15
8 5 9 5
14 14 14 13
26 23 26 22
21 39 20 39
14 20 15 20
3 20 2 20
30 32 30 33
27 14 27 15
0 23 1 23
15 23 14 23
29 13 28 13
29 43 28 43
43 38 42 38
20 25 19 25
23 43 23 42
26 36 26 37
28 43 28 42
21 41 20 41
35 25 35 26
38 0 38 1
26 38 27 38
26 22 25 22
20 11 19 11
1 25 1 24
18 21 17 21
22 40 22 39
43 15 44 15
23 33 23 32
17 7 17 6
26 18 27 18
9 10 9 11
27 10 27 9
37 20 37 21
21 29 21 30
2 24 2 23
13 35 12 35
33 42 33 43
13 13 13 14
44 4 43 4
32 7 32 6
27 44 26 44
40 38 39 38
11 26 11 27
43 3 42 3
16 5 16 4
27 33 28 33
0 21 1 21
29 36 29 37
10 27 10 26
11 44 12 44
3 8 4 8
27 4 27 3
33 30 33 31
34 17 34 18
15 5 16 5
23 4 23 3
28 21 29 21
22 4 22 3
43 17 43 18
33 7 34 7
5 14 4 14
22 44 22 43
35 7 36 7
17 37 16 37
43 14 42 14
6 9 5 9
17 25 18 25
43 0 44 0
7 8 6 8
20 24 21 24
31 20 31 19
14 11 15 11
16 9 16 8
26 7 26 8
44 38 44 39
32 9 32 10
22 22 23 22
39 38 38 38
35 26 35 27
31 31 31 30
12 10 12 9
35 11 34 11
14 1 15 1
16 27 16 26
7 12 6 12
22 41 21 41
20 17 19 17
8 17 7 17
11 30 12 30
5 4 4 4
15 11 15 10
6 12 5 12
43 26 43 25
29 31 28 31
35 36 35 35
17 19 17 20
8 10 7 10
42 30 42 29
13 7 13 8
39 24 39 25
29 37 29 38
9 33 9 32
6 24 6 23
138
42 3 42 2
42 4 42 3
43 4 42 4
35 4 42 4
42 14 42 4
38 14 42 14
38 13 38 14
33 14 38 14
38 20 38 14
42 20 38 20
42 22 42 20
43 22 42 22
26 14 33 14
26 8 26 14
24 8 26 8
24 7 24 8
31 8 26 8
31 5 31 8
31 0 31 5
37 8 31 8
37 0 31 0
16 7 24 7
15 7 16 7
15 10 15 7
15 1 15 7
21 1 15 1
7 10 15 10
4 10 7 10
4 8 4 10
4 6 4 8
3 6 4 6
4 4 4 6
4 1 4 4
5 1 4 1
7 1 5 1
4 14 4 10
7 17 7 10
7 22 7 17
9 22 7 22
11 22 9 22
11 21 11 22
7 25 7 22
11 27 11 22
13 27 11 27
13 28 13 27
15 28 13 28
9 28 13 28
9 32 9 28
11 32 9 32
11 36 11 32
5 36 11 36
3 28 9 28
3 27 3 28
21 28 15 28
21 30 21 28
21 32 21 30
23 32 21 32
21 24 21 28
18 24 21 24
18 25 18 24
25 24 21 24
25 22 25 24
23 22 25 22
25 17 25 22
28 17 25 17
11 6 4 6
13 19 13 27
15 19 13 19
13 14 13 19
21 41 21 32
23 41 21 41
24 41 23 41
25 41 24 41
37 41 25 41
18 5 31 5
17 5 18 5
33 31 33 14
35 31 33 31
33 35 33 31
33 36 33 35
35 35 33 35
37 35 35 35
30 35 33 35
30 33 30 35
30 39 30 35
35 39 35 35
40 39 35 39
44 39 40 39
40 44 40 39
44 31 44 39
29 44 40 44
16 34 14 34
17 34 16 34
16 37 16 34
16 42 16 37
16 44 16 42
18 42 16 42
14 42 16 42
12 44 16 44
9 37 16 37
9 43 9 37
6 43 9 43
6 39 6 43
1 43 6 43
35 24 35 23
38 24 35 24
35 27 35 24
35 29 35 27
34 29 35 29
42 29 35 29
42 38 42 29
38 38 42 38
38 32 38 38
44 27 35 27
3 11 1 11
3 9 3 11
1 21 1 11
1 23 1 21
2 23 1 23
6 23 2 23
2 29 2 23
2 31 2 29
19 15 16 15
19 17 19 15
19 11 19 15
23 11 19 11
23 20 23 11
17 20 23 20
15 20 17 20
15 21 15 20
28 31 28 25
28 33 28 31
29 33 28 33
24 33 28 33
29 38 29 33
27 38 29 38
27 37 27 38
24 38 27 38
