347
19 3 18 3
19 2 19 3
15 2 15 3
22 2 21 2
22 1 22 2
21 1 22 1
21 0 21 1
22 0 21 0
22 1 22 0
14 3 14 4
13 3 14 3
6 18 7 18
6 17 6 18
20 14 21 14
19 14 20 14
19 15 19 14
15 17 16 17
19 14 19 13
20 14 19 14
15 12 15 11
24 13 23 13
24 14 24 13
21 16 21 15
7 19 7 20
5 22 6 22
9 20 8 20
9 15 8 15
22 12 22 13
23 12 22 12
21 15 22 15
22 16 21 16
11 18 11 17
12 18 11 18
5 23 5 22
6 23 5 23
6 14 6 15
24 11 23 11
24 12 23 12
13 11 13 10
6 13 6 14
5 13 6 13
6 14 5 14
11 23 11 24
9 23 9 24
10 15 10 14
6 18 5 18
11 15 12 15
11 16 11 15
16 21 16 22
15 21 16 21
14 21 15 21
14 22 14 21
16 6 15 6
15 7 16 7
15 23 15 22
14 23 15 23
17 5 17 6
12 5 12 4
7 1 6 1
12 3 13 3
12 4 12 3
13 4 12 4
15 6 15 7
13 5 12 5
10 23 9 23
10 22 10 23
9 22 10 22
6 10 7 10
5 10 6 10
5 11 5 10
6 11 5 11
13 8 13 7
9 6 9 7
8 6 9 6
8 7 8 6
6 5 7 5
6 6 6 5
8 13 7 13
8 14 8 13
7 14 8 14
14 17 15 17
14 8 13 8
4 4 4 3
6 16 6 17
2 15 1 15
2 16 2 15
6 8 5 8
10 16 11 16
11 15 10 15
11 16 11 15
7 8 6 8
7 9 7 8
6 9 7 9
12 9 11 9
10 10 11 10
7 20 6 20
7 21 7 20
14 10 14 9
13 10 14 10
13 14 12 14
11 10 12 10
11 9 11 10
17 6 16 6
11 17 11 16
2 17 2 16
9 9 9 8
10 9 9 9
10 8 10 9
12 17 12 18
9 7 8 7
9 6 9 7
8 6 9 6
15 14 15 15
14 14 15 14
14 15 14 14
12 8 12 7
11 8 12 8
19 8 18 8
10 6 10 7
13 17 14 17
13 18 13 17
10 7 10 8
13 17 12 17
11 6 11 7
11 7 11 8
19 9 19 8
20 9 19 9
13 12 13 11
9 19 9 20
8 19 9 19
8 20 8 19
21 9 20 9
9 20 8 20
10 19 10 20
9 19 10 19
22 20 22 21
19 9 18 9
19 10 19 9
10 14 10 13
9 14 10 14
9 13 9 14
21 19 22 19
10 17 11 17
6 21 7 21
9 12 9 13
10 12 9 12
10 13 10 12
9 13 10 13
20 19 21 19
20 18 20 19
21 7 21 8
4 5 4 4
22 7 21 7
22 6 22 7
14 16 14 15
15 16 14 16
15 17 15 16
18 10 19 10
18 11 18 10
17 14 17 15
3 5 4 5
17 13 17 14
6 7 7 7
6 8 6 9
7 8 6 8
17 12 17 13
18 12 17 12
18 13 18 12
4 6 3 6
20 13 20 14
16 5 17 5
9 4 9 5
10 4 9 4
16 4 16 5
15 4 16 4
10 5 10 4
11 5 10 5
4 5 5 5
5 6 4 6
4 3 5 3
19 18 20 18
17 7 17 6
14 0 13 0
14 1 14 0
1 6 2 6
14 18 13 18
18 20 18 21
2 5 3 5
2 6 2 5
17 13 18 13
2 8 2 9
17 12 17 13
7 9 7 8
7 10 7 9
8 10 7 10
8 9 8 10
17 8 17 7
21 5 21 6
22 5 22 6
23 4 23 5
24 9 23 9
21 13 20 13
21 12 21 13
20 12 21 12
21 10 21 9
3 8 2 8
3 7 3 8
21 11 21 10
20 22 20 21
19 19 19 18
21 23 21 24
18 23 19 23
8 1 8 0
9 1 8 1
20 23 21 23
8 2 9 2
19 12 20 12
19 20 19 19
20 20 19 20
19 23 20 23
24 23 23 23
6 0 7 0
6 1 6 0
23 22 22 22
5 0 4 0
5 1 5 0
20 19 20 20
18 19 18 20
19 19 18 19
19 20 19 19
2 7 3 7
2 8 2 7
24 13 24 12
23 13 24 13
23 12 23 13
16 8 17 8
16 9 16 8
15 9 16 9
15 8 15 9
24 20 23 20
24 19 24 20
23 19 24 19
23 11 23 12
24 12 24 11
22 19 23 19
17 20 16 20
8 22 9 22
20 18 20 19
20 17 20 18
19 17 20 17
19 18 19 17
12 23 11 23
12 22 12 23
18 18 19 18
11 22 12 22
12 23 12 24
11 23 12 23
18 17 18 18
19 17 18 17
19 18 19 17
15 13 15 12
15 14 15 13
14 14 15 14
14 13 14 14
23 17 24 17
1 23 2 23
1 22 1 23
0 22 1 22
18 12 19 12
19 11 18 11
15 13 14 13
15 12 15 13
14 12 15 12
0 23 0 22
8 3 8 2
7 3 8 3
7 4 7 3
6 4 7 4
6 3 6 4
23 14 24 14
23 15 23 14
24 15 23 15
16 12 17 12
16 13 16 12
17 13 16 13
1 23 1 24
7 22 8 22
1 22 1 23
24 17 24 16
1 23 0 23
4 1 5 1
23 3 23 4
17 24 18 24
20 11 19 11
20 10 20 11
19 10 20 10
18 10 19 10
18 9 18 10
19 9 18 9
16 15 16 16
17 15 16 15
17 16 17 15
6 24 6 23
23 1 22 1
23 2 23 1
22 2 23 2
8 17 8 16
23 2 23 3
7 17 8 17
24 2 24 1
18 16 17 16
18 15 18 16
17 15 18 15
17 16 17 15
16 16 17 16
16 15 16 16
8 17 8 18
5 3 6 3
15 3 15 4
21 2 22 2
20 2 21 2
2 23 1 23
20 24 19 24
20 3 20 2
20 9 20 8
3 21 3 22
3 22 3 23
3 17 2 17
3 18 3 17
2 18 3 18
3 5 4 5
3 6 3 5
4 6 3 6
3 20 3 21
2 20 3 20
1 20 2 20
1 19 1 20
2 19 1 19
0 18 0 17
1 18 0 18
1 17 1 18
5 4 5 3
21 3 20 3
21 2 21 3
20 2 21 2
20 3 20 2
19 3 20 3
152
3 5 3 4
4 4 3 4
3 6 3 5
4 2 4 4
6 2 4 2
6 0 6 2
0 6 3 6
0 7 0 6
9 6 3 6
9 5 9 6
9 4 9 5
13 6 9 6
13 3 13 6
14 3 13 3
14 2 14 3
14 0 14 2
16 2 14 2
18 2 16 2
18 1 18 2
20 2 18 2
21 2 20 2
21 1 21 2
22 2 21 2
22 1 21 1
22 3 22 2
21 3 22 3
16 6 13 6
16 7 16 6
15 12 12 12
16 12 15 12
15 13 15 12
16 13 16 12
16 14 16 13
16 16 16 14
16 17 16 16
17 16 16 16
18 16 17 16
18 15 18 16
14 17 16 17
20 15 18 15
20 14 20 15
14 19 14 17
14 20 14 19
22 15 20 15
23 15 22 15
23 14 23 15
23 13 23 14
24 13 23 13
23 12 23 13
22 17 22 15
9 14 8 14
9 12 9 14
9 17 9 14
9 18 9 17
6 17 9 17
5 17 6 17
4 17 5 17
4 19 4 17
4 20 4 19
3 19 4 19
3 20 4 20
1 19 3 19
1 18 1 19
6 20 4 20
6 22 6 20
6 23 6 22
1 15 1 18
9 21 9 18
9 22 9 21
9 23 9 22
10 23 9 23
12 23 10 23
7 7 5 7
8 7 7 7
9 7 8 7
12 7 9 7
13 7 12 7
14 7 13 7
14 9 14 7
14 10 14 9
14 11 14 10
12 10 14 10
12 11 12 10
11 11 12 11
11 12 11 11
10 11 11 11
10 12 11 12
11 13 11 12
20 7 20 5
20 8 20 7
20 10 20 8
20 11 20 10
20 12 20 11
19 11 20 11
19 12 20 12
20 13 20 12
22 11 20 11
24 11 22 11
24 10 24 11
24 8 24 10
23 5 20 5
23 4 23 5
13 15 13 13
13 16 13 15
14 15 13 15
15 15 14 15
13 18 13 16
13 19 13 18
12 18 13 18
12 19 13 19
13 20 13 19
13 21 13 20
14 21 13 21
14 24 14 21
15 24 14 24
8 11 7 11
7 12 7 11
9 11 8 11
7 13 7 12
9 10 9 11
8 12 8 11
11 10 9 10
11 8 11 10
7 16 7 13
8 16 7 16
5 16 7 16
17 5 16 5
17 4 17 5
17 6 17 5
18 4 17 4
17 7 17 6
18 3 18 4
19 6 17 6
19 7 19 6
19 8 19 7
19 10 19 8
18 10 19 10
1 21 1 20
2 21 1 21
3 21 2 21
4 21 3 21
1 23 1 21
0 23 1 23
1 24 1 23
0 24 0 23
3 23 1 23
17 21 16 21
18 21 17 21
18 22 18 21
21 22 18 22
21 21 21 22
22 21 21 21
