93
30 31 30 32
17 28 17 29
7 29 8 29
25 8 25 9
6 10 5 10
0 21 0 22
1 19 0 19
30 4 30 3
5 4 4 4
11 3 11 2
28 24 28 25
25 24 25 23
26 28 26 27
8 29 8 28
14 4 14 5
0 22 1 22
9 15 9 14
12 26 12 27
22 11 22 10
13 31 13 32
12 16 12 15
14 22 15 22
28 2 28 3
17 27 17 28
11 12 11 11
14 7 13 7
24 20 24 19
15 26 14 26
13 5 13 6
30 30 30 31
9 14 10 14
14 5 13 5
0 12 0 13
30 31 31 31
0 11 1 11
7 14 6 14
27 17 26 17
5 10 5 9
30 8 29 8
29 9 30 9
23 24 24 24
12 32 12 31
9 22 8 22
15 4 15 3
23 23 22 23
6 0 6 1
23 10 23 11
23 25 24 25
16 7 16 8
7 13 7 14
10 25 9 25
16 5 16 6
12 25 12 24
20 22 20 21
24 21 25 21
25 16 25 15
19 3 19 4
20 20 20 19
5 20 5 19
9 20 8 20
29 20 28 20
4 4 4 3
32 24 31 24
20 16 20 17
7 22 6 22
7 10 6 10
14 12 14 11
13 26 13 27
15 3 14 3
19 24 20 24
1 1 1 2
14 25 14 24
17 16 16 16
14 24 13 24
15 18 16 18
17 29 16 29
15 25 15 24
22 9 21 9
8 13 8 12
19 25 19 24
26 27 27 27
9 5 10 5
25 9 26 9
4 32 4 31
6 19 7 19
16 21 16 20
15 24 16 24
11 11 10 11
6 14 6 13
1 29 0 29
11 20 10 20
28 14 28 15
15 27 16 27
106
2 14 2 5
2 18 2 14
2 30 2 18
10 30 2 30
12 30 10 30
12 31 12 30
20 30 12 30
21 30 20 30
21 31 21 30
22 30 21 30
22 31 21 31
26 31 22 31
26 25 26 31
25 25 26 25
28 25 26 25
25 23 25 25
28 22 28 25
28 21 28 22
29 21 28 21
30 21 29 21
29 19 29 21
30 19 29 19
22 23 25 23
24 19 29 19
20 19 24 19
20 18 20 19
20 17 20 18
22 17 20 17
17 18 20 18
17 17 17 18
17 15 17 17
15 15 17 15
15 14 15 15
12 15 15 15
12 12 12 15
17 22 17 18
15 22 17 22
15 21 15 22
8 12 12 12
5 12 8 12
5 9 5 12
5 8 5 9
3 9 5 9
5 15 5 12
5 17 5 15
3 15 5 15
8 9 5 9
3 6 3 9
11 22 15 22
8 22 11 22
6 22 8 22
8 20 8 22
8 19 8 20
6 20 6 22
8 25 8 22
9 25 8 25
8 28 8 25
13 19 8 19
29 26 29 21
17 28 17 22
18 28 17 28
18 12 12 12
18 13 18 12
19 13 18 13
18 10 18 12
22 10 18 10
4 31 12 31
3 31 4 31
13 6 3 6
13 5 13 6
13 7 13 6
15 5 13 5
16 6 13 6
16 4 16 6
15 2 15 5
19 4 16 4
21 4 19 4
11 2 15 2
19 8 19 4
1 2 11 2
0 2 1 2
0 9 0 2
1 11 1 2
29 8 19 8
1 22 1 11
1 27 1 22
32 4 21 4
32 0 32 4
27 0 32 0
24 0 27 0
24 1 24 0
20 0 24 0
32 18 20 18
12 24 10 24
13 24 12 24
12 27 12 24
13 27 12 27
13 29 13 27
16 27 13 27
16 29 16 27
16 24 16 27
19 29 16 29
20 29 19 29
10 29 13 29
20 24 20 29
19 24 20 24
