165
12 0 12 1
29 2 28 2
4 19 4 20
2 20 1 20
5 0 5 1
29 29 30 29
28 30 29 30
27 30 28 30
22 29 22 30
29 30 29 29
30 29 30 30
28 21 27 21
0 12 0 13
12 1 13 1
11 0 12 0
6 24 5 24
23 7 22 7
24 8 24 9
23 8 23 7
24 7 24 8
8 30 7 30
25 5 24 5
17 26 17 25
5 18 5 17
26 29 26 30
9 25 10 25
3 4 3 5
3 5 3 6
15 11 15 12
9 15 8 15
5 24 4 24
9 27 9 28
7 1 7 0
8 2 9 2
9 28 9 29
5 27 5 26
8 27 8 28
9 19 8 19
9 2 9 1
7 2 7 1
3 6 2 6
13 27 13 26
3 3 3 4
8 24 8 25
0 22 0 23
25 14 26 14
25 15 25 14
8 25 9 25
5 10 4 10
11 17 11 16
24 10 23 10
24 9 25 9
5 4 5 3
19 27 19 28
15 4 15 3
25 10 25 11
0 13 1 13
4 18 5 18
3 7 4 7
11 12 11 11
1 8 0 8
9 30 8 30
7 25 6 25
12 18 13 18
26 30 27 30
30 14 29 14
17 25 16 25
26 19 25 19
20 28 20 27
24 28 24 27
29 18 29 19
2 13 3 13
6 18 7 18
26 28 26 29
4 4 5 4
4 5 4 4
28 18 28 17
15 12 14 12
8 15 8 14
28 7 29 7
4 16 4 17
21 15 21 14
19 10 19 11
2 15 2 16
28 15 28 16
11 14 11 13
19 28 18 28
11 3 10 3
11 30 11 29
30 17 30 16
5 17 6 17
7 11 7 12
21 25 21 26
14 20 14 19
11 11 12 11
28 14 28 15
6 13 6 12
9 10 10 10
7 21 7 22
3 1 4 1
2 12 3 12
14 5 14 6
12 21 12 22
6 20 6 19
18 7 17 7
26 23 25 23
21 14 21 13
15 15 16 15
30 24 29 24
5 28 5 29
20 18 19 18
12 29 12 30
11 29 12 29
28 6 29 6
22 3 21 3
21 17 21 18
17 17 17 18
3 22 3 23
7 7 7 8
0 5 0 4
4 1 4 0
14 21 14 22
5 3 6 3
11 25 11 26
12 29 13 29
10 26 9 26
12 30 12 29
15 22 16 22
5 15 5 16
21 18 21 19
22 18 21 18
10 24 10 23
27 26 27 25
26 14 26 13
2 9 1 9
3 13 3 14
30 22 29 22
17 15 18 15
9 14 9 15
14 22 13 22
13 8 14 8
18 24 17 24
7 6 6 6
24 20 23 20
2 17 2 18
6 10 6 9
4 17 5 17
17 2 16 2
28 15 27 15
28 16 27 16
28 3 28 4
16 8 17 8
20 1 20 2
13 16 14 16
12 15 13 15
10 10 11 10
5 2 4 2
12 13 13 13
27 1 27 2
9 0 10 0
28 4 27 4
6 12 5 12
28 1 28 0
12 11 13 11
12 9 13 9
134
1 2 0 2
2 2 1 2
3 2 2 2
1 5 1 2
1 9 1 5
4 9 1 9
4 10 4 9
4 7 4 9
6 9 4 9
4 13 4 10
1 13 4 13
6 15 6 9
9 15 6 15
13 15 9 15
13 13 13 15
13 11 13 13
13 9 13 11
13 18 13 15
13 20 13 18
13 22 13 20
12 22 13 22
11 22 12 22
16 20 13 20
16 21 16 20
16 22 16 21
16 25 16 22
18 25 16 25
18 28 18 25
15 28 18 28
15 29 15 28
13 29 15 29
12 29 13 29
13 30 13 29
9 29 12 29
7 29 9 29
7 30 7 29
5 29 7 29
9 26 9 29
11 26 9 26
13 26 11 26
5 26 5 29
17 18 13 18
17 19 17 18
19 18 17 18
19 19 19 18
21 18 19 18
21 19 21 18
23 18 21 18
23 20 23 18
26 20 23 20
27 20 26 20
27 21 27 20
26 18 26 20
27 23 27 21
27 25 27 23
25 23 27 23
25 25 27 25
9 11 9 15
13 5 13 9
12 5 13 5
17 11 13 11
19 11 17 11
17 13 17 11
13 1 13 5
14 1 13 1
15 1 14 1
15 2 15 1
15 3 15 2
21 13 17 13
9 1 13 1
7 1 9 1
5 1 7 1
27 30 27 25
25 30 27 30
22 30 25 30
26 13 21 13
26 12 26 13
26 11 26 12
25 11 26 11
26 9 26 11
25 9 26 9
28 11 26 11
23 9 25 9
23 7 23 9
29 13 26 13
29 14 29 13
23 3 23 7
21 3 23 3
0 26 5 26
0 24 0 26
4 24 0 24
4 20 4 24
1 20 4 20
1 22 1 20
19 6 19 11
29 3 23 3
29 1 29 3
29 6 29 3
29 7 29 6
4 0 3 0
4 2 4 0
4 4 4 2
5 4 4 4
3 4 4 4
5 6 5 4
8 4 5 4
7 0 4 0
8 0 7 0
10 0 8 0
8 8 8 4
7 8 8 8
7 10 7 8
7 12 7 10
7 14 7 12
11 10 7 10
11 13 11 10
10 13 11 13
10 2 4 2
11 2 10 2
2 18 2 16
5 16 2 16
5 18 2 18
7 18 5 18
8 16 5 16
10 16 8 16
11 16 10 16
8 19 8 16
11 20 11 16
12 20 11 20
7 22 7 18
7 23 7 22
8 22 7 22
7 24 7 23
10 23 7 23
