265
14 30 13 30
14 33 13 33
13 18 13 17
22 8 22 9
24 11 23 11
38 33 37 33
3 41 3 40
27 25 27 26
2 38 2 37
7 29 7 28
40 16 40 15
23 11 22 11
6 20 5 20
5 30 5 29
36 22 37 22
31 28 30 28
41 13 41 12
5 29 6 29
34 27 35 27
18 39 19 39
17 40 18 40
32 31 31 31
32 30 32 31
5 3 4 3
11 28 11 29
5 2 4 2
27 36 26 36
5 20 5 19
10 19 10 18
13 19 13 20
26 33 27 33
15 33 14 33
38 34 39 34
38 36 37 36
37 31 38 31
36 4 37 4
27 11 27 10
28 22 29 22
1 35 0 35
1 24 0 24
38 2 37 2
14 25 15 25
39 0 38 0
4 39 4 38
40 19 41 19
34 21 34 20
20 14 20 15
29 35 28 35
32 39 31 39
31 39 31 40
26 18 25 18
26 23 26 24
26 24 25 24
4 7 5 7
3 24 3 25
41 26 40 26
9 30 9 31
18 31 19 31
40 34 41 34
9 24 8 24
30 40 30 39
9 31 8 31
3 6 2 6
29 9 28 9
17 7 18 7
23 26 23 25
10 36 10 37
23 23 23 24
40 32 41 32
23 16 23 15
1 29 2 29
37 29 37 30
2 29 2 30
19 6 19 5
15 5 14 5
39 16 39 17
40 17 41 17
25 24 25 25
33 3 33 2
17 3 17 4
28 38 28 37
19 3 19 4
20 3 20 4
28 9 28 8
40 10 39 10
22 30 23 30
16 26 16 27
16 27 15 27
28 2 28 3
30 1 30 2
5 36 6 36
31 29 32 29
28 3 28 4
12 32 11 32
23 5 24 5
24 39 25 39
25 9 25 10
28 1 28 2
21 10 21 9
31 26 32 26
8 3 8 4
9 10 8 10
24 31 25 31
9 9 10 9
8 2 8 3
33 10 33 11
3 18 2 18
41 19 41 20
4 25 4 26
29 29 29 28
21 5 21 4
33 12 32 12
35 18 36 18
37 5 37 6
32 32 33 32
35 16 34 16
27 24 28 24
28 14 28 13
23 25 22 25
33 37 33 38
29 14 29 15
32 37 33 37
8 40 8 39
18 7 18 8
14 0 15 0
14 33 14 32
37 28 36 28
21 8 20 8
18 25 19 25
34 14 34 13
19 38 18 38
8 13 8 14
30 30 30 31
25 26 25 27
5 17 6 17
26 13 25 13
21 16 21 15
24 28 25 28
25 28 26 28
24 38 24 37
22 6 23 6
17 6 16 6
2 24 3 24
12 8 11 8
30 31 29 31
19 16 19 15
35 22 35 21
22 21 22 22
13 16 14 16
31 15 31 14
14 16 15 16
38 8 38 7
40 15 40 14
8 1 8 2
15 25 15 24
26 31 26 30
37 8 38 8
21 12 21 13
4 11 3 11
39 31 39 32
18 40 18 39
28 6 27 6
11 9 12 9
22 12 22 13
5 35 4 35
9 4 10 4
20 21 19 21
18 33 18 32
15 27 15 28
19 13 20 13
35 7 36 7
10 17 10 16
25 11 26 11
12 5 12 6
13 5 12 5
27 10 27 9
14 21 13 21
39 35 40 35
12 17 12 16
28 5 27 5
28 8 28 7
11 29 12 29
8 10 8 9
33 33 34 33
8 3 9 3
30 28 30 27
9 3 9 4
27 33 27 32
35 28 34 28
17 24 17 23
21 11 21 12
23 14 22 14
15 16 15 17
33 24 33 23
13 22 13 23
17 26 16 26
27 22 28 22
19 31 20 31
19 35 20 35
33 37 33 36
34 35 34 34
17 11 17 10
30 6 29 6
19 11 19 10
37 23 37 24
40 35 40 34
7 1 7 2
26 39 26 38
12 4 13 4
33 2 34 2
36 28 36 29
12 28 11 28
6 33 5 33
3 11 2 11
8 0 9 0
20 7 21 7
10 18 10 17
7 16 6 16
32 17 32 18
21 4 22 4
25 39 26 39
12 37 12 36
23 41 22 41
19 0 19 1
25 40 25 41
22 11 22 12
25 18 25 17
32 12 32 13
10 16 10 15
23 39 22 39
25 38 25 39
11 28 10 28
19 15 19 14
6 3 7 3
28 18 28 19
21 31 22 31
30 18 29 18
7 27 8 27
21 32 22 32
11 35 11 36
28 4 27 4
38 41 37 41
28 39 28 40
0 11 1 11
10 15 10 14
33 36 34 36
19 21 18 21
5 10 5 9
27 26 26 26
23 7 23 8
17 23 18 23
33 4 32 4
9 15 9 16
0 35 0 34
36 7 36 8
20 20 20 19
1 11 1 10
9 16 9 17
25 30 25 29
36 8 36 9
34 9 35 9
15 34 15 35
10 9 10 8
30 36 31 36
39 32 40 32
134
4 3 4 2
7 2 4 2
8 2 7 2
7 3 7 2
7 6 7 3
12 6 7 6
12 5 12 6
12 9 12 6
16 6 12 6
16 9 16 6
16 11 16 9
8 9 12 9
20 6 16 6
20 5 20 6
20 8 20 6
23 6 20 6
23 8 23 6
20 11 20 8
26 8 23 8
26 11 26 8
28 11 26 11
26 14 26 11
28 7 28 11
30 7 28 7
28 2 28 7
30 2 28 2
34 2 30 2
37 2 34 2
37 4 37 2
37 6 37 4
34 6 37 6
33 6 34 6
33 11 33 6
33 14 33 11
32 14 33 14
31 14 32 14
31 16 31 14
8 14 8 9
4 14 8 14
4 10 4 14
1 10 4 10
1 7 1 10
0 7 1 7
23 0 23 6
15 2 8 2
15 0 15 2
40 14 33 14
40 12 40 14
41 12 40 12
12 16 12 9
12 20 12 16
12 21 12 20
13 20 12 20
13 21 12 21
13 23 13 21
14 23 13 23
18 23 14 23
18 21 18 23
21 21 18 21
18 16 18 21
7 20 12 20
13 29 13 23
13 30 13 29
12 29 13 29
13 31 13 30
12 31 13 31
13 33 13 31
13 36 13 33
12 36 13 36
6 29 12 29
6 32 6 29
21 36 13 36
33 23 33 14
32 23 33 23
32 26 32 23
32 29 32 26
32 31 32 29
32 33 32 31
35 31 32 31
38 31 35 31
26 26 32 26
38 39 38 31
39 39 38 39
40 39 39 39
16 26 26 26
4 26 4 14
4 27 4 26
1 26 4 26
15 28 15 24
15 35 15 28
18 35 15 35
18 32 18 35
26 28 15 28
26 30 26 28
26 32 26 30
29 28 26 28
23 30 26 30
23 32 23 30
26 36 26 32
26 38 26 36
26 39 26 38
33 38 26 38
34 38 33 38
34 36 34 38
34 34 34 36
34 33 34 34
18 38 26 38
18 39 18 38
15 38 18 38
7 38 15 38
4 38 7 38
1 38 4 38
4 35 4 38
10 35 4 35
10 31 10 35
14 10 14 7
14 13 14 10
20 13 14 13
21 13 20 13
22 13 21 13
22 12 22 13
21 15 21 13
20 15 21 15
25 13 22 13
20 19 20 15
7 32 7 31
8 31 7 31
8 32 7 32
7 34 7 32
6 34 7 34
0 34 6 34
0 36 0 34
0 28 0 34
0 24 0 28
