347
20 19 20 20
20 20 19 20
11 6 12 6
10 6 11 6
21 16 21 15
20 15 20 14
11 18 10 18
19 17 19 16
11 19 11 18
12 19 11 19
12 18 12 19
9 19 8 19
18 4 18 3
16 6 15 6
16 5 16 6
16 4 16 5
10 12 9 12
13 12 13 11
14 12 13 12
14 11 14 12
13 11 12 11
12 10 13 10
5 1 6 1
4 1 5 1
14 14 15 14
14 13 14 14
15 13 14 13
4 2 4 1
5 2 4 2
5 1 5 2
13 5 14 5
7 17 7 18
6 18 5 18
16 15 16 14
15 15 16 15
6 21 7 21
20 14 21 14
19 14 20 14
8 22 8 21
9 22 8 22
9 21 9 22
8 21 9 21
2 2 1 2
2 1 2 2
2 0 2 1
7 16 7 17
9 16 10 16
8 22 8 21
9 22 8 22
21 3 21 2
22 3 21 3
23 3 22 3
23 2 23 3
22 2 23 2
6 16 7 16
8 15 8 16
21 8 21 9
18 10 18 11
19 10 18 10
19 11 19 10
16 2 17 2
15 2 16 2
15 3 15 2
16 3 15 3
2 8 3 8
18 5 18 4
18 6 18 5
3 8 3 9
2 9 2 8
14 2 14 1
15 2 14 2
15 3 15 2
18 7 18 6
19 7 18 7
19 6 19 7
18 6 19 6
19 8 20 8
19 7 19 8
8 10 9 10
8 9 8 10
9 9 8 9
11 9 11 8
9 8 9 9
8 5 8 6
7 5 8 5
7 6 7 5
6 6 6 7
5 6 6 6
5 7 5 6
6 7 5 7
5 16 6 16
21 7 21 8
23 6 23 7
22 6 23 6
22 7 22 6
4 16 5 16
4 17 4 16
6 8 6 7
7 8 6 8
5 20 5 21
16 22 16 21
15 22 16 22
15 21 15 22
7 9 7 8
6 9 7 9
6 10 6 11
5 10 6 10
5 9 6 9
5 8 5 9
5 7 5 8
6 7 5 7
6 8 6 7
18 1 18 2
19 1 18 1
19 2 19 1
22 1 22 2
21 2 21 1
3 16 3 15
4 16 3 16
9 23 9 22
8 23 9 23
8 22 8 23
7 22 8 22
2 6 1 6
3 6 2 6
18 17 19 17
11 12 12 12
11 13 11 12
12 13 11 13
12 14 12 13
13 14 12 14
13 15 13 14
12 15 13 15
18 18 18 17
4 20 5 20
16 19 17 19
16 18 16 19
23 22 23 21
22 22 23 22
12 16 12 15
13 16 12 16
13 15 13 16
4 15 4 14
5 15 4 15
5 14 5 15
5 13 5 14
4 13 5 13
15 18 16 18
14 7 14 8
15 7 14 7
13 14 13 15
12 14 13 14
12 15 12 14
4 12 4 13
3 12 4 12
3 13 3 12
11 15 12 15
11 16 11 15
16 7 15 7
16 8 16 7
11 17 11 16
12 17 11 17
16 2 16 3
4 22 4 23
5 22 4 22
16 1 16 2
15 1 16 1
14 1 15 1
14 2 14 1
15 2 14 2
4 21 4 20
16 12 16 13
17 12 16 12
2 20 3 20
2 21 2 20
3 21 2 21
3 22 3 21
17 8 16 8
17 7 17 8
16 7 17 7
15 19 15 18
14 19 15 19
3 23 3 22
2 23 3 23
2 22 2 23
1 22 2 22
2 13 3 13
2 14 2 13
2 15 2 14
1 15 2 15
1 14 1 15
17 11 17 12
16 11 17 11
16 10 16 11
4 15 4 16
4 16 4 17
4 6 3 6
5 6 4 6
11 3 11 4
11 2 11 3
12 2 11 2
17 14 17 15
17 13 17 14
16 13 17 13
16 14 16 13
17 14 16 14
18 14 17 14
2 14 1 14
2 15 2 14
1 15 2 15
20 11 19 11
20 12 20 11
19 12 20 12
5 11 5 10
6 11 5 11
6 10 6 11
21 22 21 21
21 23 21 22
14 1 14 0
13 1 14 1
6 9 6 10
20 0 21 0
20 1 20 0
19 1 20 1
19 0 19 1
21 13 22 13
21 14 21 13
20 14 21 14
7 9 6 9
7 10 7 9
6 10 7 10
5 5 5 6
6 5 5 5
7 5 6 5
7 4 7 5
21 15 20 15
22 16 21 16
22 17 22 16
23 15 22 15
23 16 23 15
22 16 23 16
22 18 22 17
17 4 16 4
17 3 17 4
16 3 17 3
1 4 0 4
1 5 1 4
2 5 1 5
2 4 2 5
1 4 2 4
14 18 14 19
15 18 14 18
15 19 15 18
21 14 21 15
0 2 0 3
16 6 16 7
19 16 20 16
19 15 19 16
20 15 19 15
18 12 19 12
18 11 18 12
19 11 18 11
1 16 1 15
2 16 1 16
2 15 2 16
20 13 20 14
21 13 20 13
1 23 1 22
19 12 19 11
20 12 19 12
20 11 20 12
2 1 1 1
20 21 20 20
19 21 20 21
19 20 19 21
17 6 16 6
17 5 17 6
16 5 17 5
20 16 20 15
21 16 20 16
21 15 21 16
17 10 16 10
17 9 17 10
16 9 17 9
3 2 3 3
17 6 18 6
17 7 17 6
23 7 22 7
23 8 23 7
22 8 23 8
18 20 19 20
18 21 18 20
19 21 18 21
6 4 7 4
6 3 6 4
7 3 6 3
19 20 19 21
18 20 19 20
18 21 18 20
18 22 18 21
18 19 18 18
17 19 18 19
16 19 17 19
16 18 16 19
17 18 16 18
7 2 7 3
7 1 7 2
8 1 7 1
8 2 8 1
7 2 8 2
18 18 17 18
15 9 16 9
15 10 15 9
16 10 15 10
19 18 18 18
6 9 6 10
5 9 6 9
5 10 5 9
5 11 5 10
17 22 18 22
17 23 17 22
18 23 17 23
18 22 18 23
17 22 18 22
17 23 17 22
20 18 19 18
20 17 20 18
19 17 20 17
6 9 6 8
19 16 19 17
16 19 15 19
16 20 16 19
15 20 16 20
5 9 6 9
5 8 5 9
6 8 5 8
6 9 6 8
5 9 6 9
5 10 5 9
6 10 5 10
6 11 5 11
15 19 15 20
14 19 15 19
14 20 14 19
16 21 15 21
16 20 16 21
15 20 16 20
152
10 13 9 13
10 11 10 13
11 11 10 11
12 11 11 11
10 15 10 13
12 9 12 11
7 15 10 15
7 16 7 15
6 16 7 16
5 16 6 16
9 9 12 9
9 7 9 9
9 6 9 7
11 6 9 6
11 5 11 6
15 11 12 11
14 5 11 5
14 6 14 5
15 14 15 11
15 16 15 14
14 16 15 16
15 17 15 16
13 16 14 16
12 16 13 16
11 16 12 16
17 5 14 5
18 5 17 5
17 4 17 5
18 6 18 5
17 3 17 4
18 7 18 6
18 3 17 3
18 8 18 7
18 2 18 3
20 7 18 7
22 7 20 7
23 7 22 7
22 9 22 7
23 9 22 9
21 9 22 9
22 10 22 9
14 3 17 3
12 19 12 16
12 20 12 19
22 2 18 2
22 3 22 2
22 4 22 3
22 5 22 4
21 5 22 5
4 13 3 13
4 14 4 13
4 17 4 14
3 17 4 17
5 17 4 17
2 17 3 17
6 17 5 17
2 16 2 17
7 17 6 17
1 16 2 16
0 16 1 16
0 15 0 16
6 19 6 17
6 22 6 19
6 23 6 22
18 12 18 11
18 13 18 12
19 13 18 13
19 15 19 13
19 17 19 15
20 17 19 17
19 18 19 17
20 18 20 17
21 18 20 18
20 20 20 18
20 21 20 20
19 21 20 21
18 21 19 21
23 18 21 18
4 3 3 3
4 2 4 3
5 3 4 3
5 2 4 2
5 4 5 3
4 4 4 3
6 4 5 4
5 5 5 4
5 6 5 5
5 7 5 6
6 6 5 6
5 0 5 2
8 6 6 6
8 7 8 6
17 16 17 15
17 17 17 16
17 18 17 17
17 19 17 18
18 18 17 18
18 19 17 19
18 20 18 19
19 19 18 19
19 20 18 20
4 19 4 18
5 18 4 18
4 20 4 19
3 20 4 20
2 20 3 20
1 20 2 20
4 22 4 20
3 22 4 22
3 23 3 22
16 7 15 7
15 8 15 7
16 8 16 7
16 9 16 8
15 9 15 8
14 9 15 9
15 10 15 9
13 9 14 9
9 18 9 17
10 18 9 18
11 18 10 18
9 20 9 18
9 21 9 20
9 22 9 21
10 21 9 21
22 20 21 20
23 20 22 20
22 21 22 20
22 19 22 20
22 23 22 21
23 23 22 23
20 23 22 23
21 11 19 11
21 12 21 11
21 16 21 12
20 16 21 16
21 17 21 16
23 16 21 16
23 15 23 16
3 6 3 5
3 7 3 6
4 6 3 6
4 7 3 7
3 9 3 7
1 9 3 9
5 9 4 9
5 8 5 9
6 9 5 9
6 8 5 8
7 8 6 8
7 7 7 8
13 19 13 18
