95
23 33 23 32
3 15 4 15
10 32 10 31
30 35 29 35
28 4 28 3
20 1 20 0
23 32 22 32
3 13 3 14
4 23 3 23
27 5 28 5
6 26 7 26
6 27 6 26
33 26 34 26
20 8 19 8
35 23 36 23
1 21 0 21
8 13 7 13
28 24 27 24
6 8 6 7
14 1 14 2
21 3 21 4
18 35 17 35
17 24 17 23
19 6 19 7
31 8 31 9
15 28 15 27
31 1 30 1
8 35 8 36
25 3 25 2
20 34 20 33
16 13 16 14
24 6 25 6
22 22 22 21
25 29 24 29
7 1 6 1
11 17 11 16
19 0 18 0
25 2 25 1
32 24 32 25
29 36 30 36
5 31 4 31
23 20 24 20
3 9 2 9
36 3 35 3
3 23 3 24
25 35 26 35
24 24 24 25
19 13 19 14
9 21 9 22
15 33 14 33
25 16 25 15
20 27 21 27
21 13 21 14
32 25 31 25
8 36 9 36
10 0 10 1
36 15 36 16
27 12 26 12
19 14 20 14
9 7 9 6
23 35 23 36
3 6 2 6
6 5 7 5
22 21 21 21
28 5 28 4
19 5 18 5
4 31 4 32
9 29 10 29
6 3 6 2
1 30 2 30
15 27 14 27
5 35 6 35
6 21 6 20
21 4 20 4
6 35 6 36
31 25 31 26
27 32 26 32
6 20 7 20
16 14 15 14
29 5 29 4
14 14 13 14
7 31 7 32
14 35 14 36
13 23 12 23
29 0 29 1
1 13 2 13
24 25 24 26
7 32 6 32
20 2 20 1
29 4 30 4
33 22 33 23
30 12 30 11
9 0 9 1
6 7 6 6
26 12 26 11
104
6 2 2 2
6 1 6 2
6 4 6 2
6 6 6 4
9 1 6 1
10 1 9 1
9 6 6 6
13 1 10 1
2 6 2 2
2 9 2 6
4 9 2 9
2 13 2 9
6 11 6 6
7 13 2 13
2 19 2 13
1 19 2 19
0 19 1 19
0 20 0 19
19 1 13 1
20 1 19 1
20 4 20 1
25 1 20 1
29 1 25 1
30 1 29 1
30 0 30 1
30 4 30 1
28 4 30 4
28 8 28 4
25 6 25 1
26 6 25 6
25 11 25 6
26 11 25 11
30 11 26 11
34 11 30 11
26 16 26 11
36 4 30 4
36 7 36 4
7 20 7 13
7 25 7 20
7 26 7 25
6 26 7 26
12 25 7 25
12 23 12 25
12 19 12 23
13 19 12 19
17 25 12 25
17 23 17 25
13 14 13 19
15 14 13 14
13 11 13 14
20 14 15 14
20 13 20 14
21 14 20 14
22 14 21 14
6 32 6 26
4 32 6 32
2 32 4 32
2 30 2 32
2 29 2 30
1 29 2 29
4 35 4 32
4 36 4 35
3 35 4 35
2 35 3 35
6 36 4 36
9 36 6 36
11 36 9 36
11 32 11 36
15 20 15 14
36 14 36 7
36 16 36 14
36 23 36 16
33 23 36 23
33 19 33 23
31 19 33 19
31 26 31 19
31 29 31 26
34 26 31 26
34 25 34 26
26 26 31 26
24 26 26 26
22 26 24 26
24 29 24 26
24 30 24 29
28 30 24 30
24 20 24 26
22 32 22 26
26 32 22 32
26 35 26 32
26 36 26 35
25 36 26 36
30 36 26 36
32 36 30 36
34 33 34 26
17 35 26 35
4 15 4 32
21 21 21 19
21 22 21 21
21 24 21 22
18 24 21 24
21 27 21 24
17 22 21 22
21 31 21 27
14 27 21 27
