245
22 23 22 24
22 24 23 24
23 27 22 27
14 22 14 21
5 22 5 23
36 14 36 13
0 42 1 42
40 34 39 34
31 5 32 5
8 37 7 37
6 0 6 1
5 12 4 12
33 18 32 18
5 17 6 17
10 14 9 14
10 12 9 12
41 39 42 39
4 23 4 24
4 36 3 36
3 36 3 37
8 15 8 16
4 37 4 36
17 23 17 24
6 34 7 34
23 38 22 38
42 37 42 36
42 34 42 35
42 42 42 41
35 22 36 22
2 12 3 12
35 30 34 30
9 14 9 15
42 20 41 20
34 32 34 31
16 4 16 3
23 16 23 15
25 17 25 18
1 16 2 16
16 5 16 4
16 4 17 4
42 14 41 14
2 37 1 37
18 14 18 15
40 18 40 17
29 2 29 3
38 40 37 40
27 36 26 36
15 0 15 1
22 2 22 3
1 29 0 29
24 2 24 1
26 2 26 1
38 42 37 42
39 42 38 42
24 4 23 4
41 21 42 21
22 40 22 41
22 16 23 16
20 18 19 18
21 41 21 42
37 9 38 9
27 30 27 31
18 4 18 5
30 4 31 4
19 33 19 32
11 38 12 38
18 13 18 14
23 0 23 1
18 33 19 33
36 10 37 10
17 29 17 28
29 24 29 23
19 13 18 13
35 8 34 8
28 12 28 11
34 0 35 0
19 18 19 17
36 32 37 32
35 38 36 38
28 33 29 33
36 38 37 38
35 39 35 38
5 27 5 26
9 4 8 4
16 11 15 11
21 26 20 26
27 5 26 5
37 32 38 32
8 35 8 34
11 8 12 8
27 20 28 20
9 28 9 29
9 29 8 29
19 23 19 22
17 33 17 34
11 2 12 2
7 37 7 38
5 25 4 25
34 16 35 16
24 0 25 0
25 10 24 10
37 6 37 5
1 33 0 33
16 38 15 38
22 11 22 12
5 23 4 23
16 10 16 11
27 41 27 42
1 26 1 27
30 13 29 13
6 25 5 25
15 17 15 18
7 41 8 41
20 24 20 25
5 39 5 38
24 13 25 13
27 6 27 7
32 6 32 7
9 10 9 9
42 6 42 5
32 2 31 2
24 33 24 32
40 0 40 1
15 26 15 25
12 3 12 4
15 25 16 25
4 17 5 17
22 35 23 35
25 34 26 34
34 40 34 41
37 40 37 41
6 17 6 16
16 19 15 19
35 34 35 33
40 24 39 24
20 0 19 0
1 15 0 15
38 12 37 12
18 8 18 7
11 31 11 32
8 16 8 17
42 4 42 3
38 9 38 8
8 3 8 2
30 42 30 41
34 31 35 31
30 28 31 28
27 33 28 33
30 41 31 41
30 29 30 28
2 31 2 30
28 21 27 21
38 24 37 24
41 40 40 40
4 12 4 13
24 37 24 38
12 19 13 19
37 10 37 9
30 22 31 22
5 33 6 33
34 9 33 9
4 3 3 3
11 32 11 33
29 4 30 4
32 18 32 19
37 12 37 13
7 42 6 42
10 28 10 29
28 38 28 39
40 14 40 15
10 42 11 42
40 6 39 6
32 26 32 25
39 11 40 11
29 10 29 9
9 0 10 0
15 38 15 37
39 12 39 13
1 31 1 30
32 39 33 39
33 38 32 38
25 39 26 39
16 16 17 16
32 21 32 22
13 40 13 39
28 35 27 35
4 20 4 19
25 0 25 1
33 14 34 14
26 40 26 41
24 32 24 31
22 3 21 3
34 34 33 34
16 30 17 30
17 16 17 17
10 24 9 24
1 42 1 41
11 16 11 17
35 33 34 33
42 21 42 22
18 15 18 16
33 42 32 42
32 20 31 20
29 28 28 28
29 13 29 14
41 4 40 4
9 33 10 33
27 21 27 22
26 23 25 23
22 20 22 19
19 24 20 24
16 2 17 2
5 0 4 0
28 22 28 21
12 10 13 10
27 13 28 13
23 20 23 21
17 2 18 2
33 13 33 14
18 13 18 12
40 12 40 13
38 19 37 19
29 21 29 20
38 10 38 11
8 34 8 33
41 10 40 10
5 35 5 36
12 26 11 26
37 19 36 19
34 13 33 13
9 27 9 26
12 38 12 39
12 8 13 8
16 11 17 11
7 27 7 28
11 13 10 13
26 26 25 26
26 20 26 21
11 27 12 27
11 33 12 33
12 7 12 8
42 22 42 23
2 7 2 6
1 30 1 29
20 24 21 24
154
2 6 2 2
4 6 2 6
4 0 4 6
10 0 4 0
16 0 10 0
16 3 16 0
14 3 16 3
16 6 16 3
17 6 16 6
19 0 16 0
17 11 17 6
19 11 17 11
21 3 16 3
21 8 21 3
25 11 19 11
25 13 25 11
25 15 25 13
23 15 25 15
28 11 25 11
28 13 28 11
19 17 19 11
18 17 19 17
17 17 18 17
17 20 17 17
19 22 19 17
22 22 19 22
22 25 22 22
22 27 22 25
11 17 17 17
10 17 11 17
10 13 10 17
4 13 10 13
2 13 4 13
1 13 2 13
1 17 1 13
29 3 21 3
29 1 29 3
32 3 29 3
34 3 32 3
32 5 32 3
34 8 34 3
38 8 34 8
40 8 38 8
40 10 40 8
40 11 40 10
38 11 40 11
40 4 40 8
40 1 40 4
38 1 40 1
33 15 25 15
33 21 33 15
11 26 11 17
9 26 11 26
13 26 11 26
9 24 9 26
7 26 9 26
6 26 7 26
5 26 6 26
9 22 9 24
7 28 7 26
3 26 5 26
3 28 3 26
9 31 9 26
9 32 9 31
7 34 7 28
7 38 7 34
5 38 7 38
5 40 5 38
10 38 7 38
10 40 10 38
0 38 5 38
15 31 9 31
16 31 15 31
18 31 16 31
19 31 18 31
24 31 19 31
27 31 24 31
27 29 27 31
29 29 27 29
27 35 27 31
32 31 27 31
27 40 27 35
32 38 32 31
30 38 32 38
35 38 32 38
35 35 35 38
18 38 18 31
22 38 18 38
22 37 22 38
22 36 22 37
21 36 22 36
24 38 22 38
42 35 35 35
38 32 38 11
2 18 2 16
2 21 2 18
3 21 2 21
5 21 3 21
5 20 5 21
5 17 5 20
8 17 5 17
5 25 5 21
2 30 2 21
5 30 2 30
2 33 2 30
2 34 2 33
0 33 2 33
2 36 2 34
4 36 2 36
5 36 4 36
5 34 5 36
23 21 21 21
23 24 23 21
23 25 23 24
26 21 23 21
28 21 26 21
28 20 28 21
29 20 28 20
31 20 29 20
31 18 31 20
31 22 31 20
32 22 31 22
23 16 23 21
26 29 26 21
10 29 26 29
10 30 10 29
25 37 25 36
26 36 25 36
26 39 26 36
26 41 26 39
31 41 26 41
32 41 31 41
32 42 32 41
34 41 32 41
31 39 31 41
37 41 34 41
37 42 37 41
12 39 12 37
15 37 12 37
15 41 15 37
20 41 15 41
22 41 20 41
8 41 15 41
8 39 8 41
5 41 8 41
1 41 5 41
1 39 1 41
35 16 35 15
36 15 35 15
36 19 36 15
36 22 36 19
34 22 36 22
36 25 36 22
34 30 34 22
