348
32 12 33 12
32 13 32 12
18 17 18 16
12 20 12 19
31 13 32 13
23 19 23 20
26 26 26 27
18 23 19 23
4 25 5 25
17 23 18 23
3 29 4 29
5 10 4 10
8 21 8 22
7 5 8 5
17 17 17 18
16 17 17 17
4 15 5 15
1 26 1 25
9 21 9 20
7 21 8 21
6 21 7 21
31 24 32 24
31 23 31 24
32 28 31 28
5 25 5 24
35 2 35 1
3 11 3 12
31 0 31 1
8 21 9 21
18 16 18 15
25 13 25 12
1 25 2 25
1 1 0 1
24 9 25 9
25 30 25 29
28 24 28 23
15 17 15 16
16 16 16 17
10 11 11 11
34 1 34 2
16 17 15 17
29 7 29 8
31 18 31 19
19 36 20 36
19 35 19 36
18 15 19 15
18 23 18 24
11 1 11 0
3 15 4 15
5 33 4 33
17 27 18 27
21 29 21 28
8 20 7 20
15 25 15 24
30 7 30 6
5 34 4 34
17 28 17 27
14 29 14 28
6 34 5 34
6 33 6 32
6 32 7 32
18 11 18 12
5 34 5 33
3 18 2 18
7 34 7 33
13 35 12 35
13 34 13 35
20 13 20 12
9 30 8 30
23 13 23 12
17 9 17 8
16 9 17 9
35 30 34 30
3 17 3 16
22 9 21 9
5 2 5 3
10 4 10 3
9 4 10 4
10 4 11 4
7 1 6 1
9 3 9 2
29 2 28 2
28 3 29 3
2 22 3 22
15 9 14 9
15 10 15 9
9 1 10 1
9 2 9 1
26 27 26 28
31 31 32 31
25 3 24 3
31 32 30 32
30 33 31 33
30 35 30 34
11 27 11 28
30 29 30 30
12 28 13 28
30 34 31 34
29 36 29 35
25 31 26 31
11 28 12 28
20 24 20 23
24 29 24 30
25 29 24 29
8 16 9 16
26 36 25 36
20 31 20 30
20 12 21 12
20 9 20 8
21 9 20 9
20 16 21 16
23 33 22 33
23 29 22 29
30 2 30 3
19 9 19 10
20 9 19 9
17 0 17 1
26 23 26 24
19 9 19 8
28 17 28 18
6 22 6 21
7 22 6 22
5 24 6 24
12 29 11 29
25 9 26 9
36 34 36 35
0 4 0 5
1 4 0 4
16 26 16 27
15 27 14 27
11 17 10 17
16 30 16 29
34 15 33 15
1 13 1 12
17 26 17 25
18 25 18 26
33 15 32 15
1 14 1 13
32 15 31 15
7 36 7 35
7 21 7 22
12 0 12 1
1 24 1 25
2 24 1 24
2 25 2 24
1 20 0 20
10 1 10 2
9 24 10 24
11 16 11 17
12 16 11 16
32 18 31 18
14 7 13 7
36 26 36 25
31 18 31 17
5 13 5 14
19 10 19 9
10 12 10 13
31 17 30 17
36 27 36 26
10 13 9 13
14 8 13 8
0 28 1 28
10 9 10 8
29 18 30 18
29 17 29 18
30 17 29 17
7 19 7 18
33 1 34 1
32 12 31 12
33 12 32 12
29 17 28 17
12 6 11 6
0 8 1 8
10 17 10 18
15 13 15 12
14 20 15 20
9 27 8 27
6 36 6 35
16 8 16 9
25 5 26 5
3 3 3 4
14 4 14 3
18 3 18 2
2 0 2 1
3 0 2 0
3 1 3 0
14 2 13 2
26 5 26 6
31 28 31 29
13 2 13 3
19 23 19 22
24 6 24 7
23 6 24 6
24 5 24 4
23 5 23 6
5 12 5 13
10 36 10 35
10 35 11 35
5 11 6 11
14 9 13 9
26 20 25 20
6 16 6 15
5 16 6 16
5 15 5 16
4 15 4 14
24 8 23 8
4 14 4 13
26 19 25 19
28 8 28 9
24 32 24 33
6 10 6 9
27 17 26 17
26 17 25 17
11 11 11 10
31 22 31 21
5 27 5 26
36 28 35 28
21 28 22 28
8 7 7 7
22 20 22 19
32 6 31 6
20 20 19 20
9 10 9 11
15 16 16 16
17 31 17 32
28 16 29 16
35 11 36 11
4 33 4 32
20 19 21 19
3 35 3 36
28 15 28 16
28 16 27 16
23 9 22 9
16 5 17 5
22 24 21 24
9 8 9 7
35 14 36 14
23 36 23 35
22 36 23 36
22 35 22 36
35 6 36 6
26 6 27 6
27 12 27 11
32 31 33 31
17 18 18 18
17 17 17 18
34 34 33 34
14 11 14 12
30 11 30 12
35 17 36 17
35 18 35 17
4 26 4 27
16 18 16 17
19 31 20 31
26 4 25 4
2 18 2 17
28 20 28 21
19 13 20 13
27 6 27 7
34 24 35 24
34 17 33 17
29 11 29 10
13 17 12 17
34 18 35 18
15 15 14 15
34 32 34 31
0 25 0 26
5 19 4 19
33 29 33 30
26 15 26 14
23 25 24 25
13 28 13 29
15 35 15 36
33 22 32 22
33 21 33 22
20 15 20 16
27 7 26 7
2 20 2 19
23 1 24 1
36 14 36 13
15 2 16 2
7 8 7 9
30 16 30 17
28 19 28 20
29 19 28 19
6 30 7 30
6 29 6 30
29 16 29 17
31 21 31 20
30 21 31 21
8 27 7 27
11 8 12 8
26 16 26 17
13 23 12 23
7 15 7 16
23 36 24 36
30 9 30 10
2 3 3 3
34 6 35 6
17 36 18 36
27 14 27 13
9 25 8 25
6 18 5 18
35 20 35 19
23 0 23 1
34 2 35 2
21 21 21 22
36 35 35 35
35 0 36 0
24 15 24 16
1 11 2 11
1 8 2 8
32 1 32 0
25 1 25 0
34 9 34 10
4 4 4 3
3 5 2 5
3 32 2 32
4 8 3 8
6 14 7 14
26 31 26 32
27 18 26 18
3 8 3 7
8 5 8 4
4 9 3 9
20 23 19 23
34 10 34 11
15 17 15 18
8 30 8 31
11 17 11 18
24 7 24 8
25 7 24 7
4 36 4 35
17 5 18 5
5 21 4 21
5 22 5 21
35 17 34 17
27 20 27 21
3 9 3 8
5 21 5 20
20 30 19 30
5 28 4 28
23 32 24 32
19 30 18 30
35 21 35 20
36 21 35 21
36 20 36 21
36 21 36 22
151
4 13 4 10
8 10 4 10
11 10 8 10
11 7 11 10
11 6 11 7
11 4 11 6
8 4 11 4
4 17 4 13
2 17 4 17
4 19 4 17
2 19 2 17
4 21 4 19
0 19 2 19
2 21 2 19
0 17 0 19
6 21 4 21
9 21 6 21
9 22 9 21
11 0 11 4
7 0 11 0
16 10 11 10
16 9 16 10
11 16 11 10
16 16 11 16
16 17 16 16
17 16 16 16
20 16 17 16
20 17 20 16
20 13 20 16
20 11 20 13
24 13 20 13
24 14 24 13
24 16 24 14
27 13 24 13
27 11 27 13
27 16 24 16
32 13 27 13
34 13 32 13
34 11 34 13
36 13 34 13
36 11 34 11
34 16 34 13
34 17 34 16
36 17 34 17
34 7 34 11
27 21 27 16
27 22 27 21
28 22 27 22
29 22 28 22
32 22 29 22
33 22 32 22
32 19 32 22
36 22 33 22
36 24 36 22
36 25 36 24
35 25 36 25
31 25 35 25
31 29 31 25
31 33 31 29
27 29 31 29
24 29 27 29
24 25 24 29
24 8 24 13
24 7 24 8
26 8 24 8
26 7 26 8
29 8 26 8
30 8 29 8
19 7 24 7
26 1 26 7
27 1 26 1
31 1 27 1
34 1 31 1
35 1 34 1
4 27 4 21
4 28 4 27
6 27 4 27
6 28 6 27
7 28 6 28
6 30 6 28
7 30 6 30
12 30 7 30
12 31 12 30
12 28 12 30
6 35 6 30
14 13 20 13
14 14 14 13
16 24 16 17
15 24 16 24
18 24 16 24
18 21 18 24
20 31 12 31
20 33 20 31
21 33 20 33
20 35 20 33
20 36 20 35
23 35 20 35
16 35 20 35
10 18 7 18
10 16 10 18
10 22 10 18
10 24 10 22
14 24 10 24
14 26 14 24
14 27 14 26
13 27 14 27
16 27 14 27
17 27 16 27
13 29 13 27
17 29 17 27
17 30 17 29
18 29 17 29
18 30 17 30
15 30 17 30
14 30 15 30
18 5 18 4
20 4 18 4
18 7 18 5
17 7 18 7
18 9 18 7
19 9 18 9
17 9 18 9
19 11 19 9
23 4 20 4
24 4 23 4
23 6 23 4
23 2 23 4
16 11 19 11
20 0 20 4
2 24 1 24
2 30 2 24
0 30 2 30
2 32 2 30
4 32 2 32
4 34 4 32
4 35 4 34
2 35 4 35
0 35 2 35
0 34 0 35
4 29 4 32
28 5 28 2
28 6 28 5
28 7 28 6
31 7 28 7
32 7 31 7
32 8 32 7
32 9 32 8
31 9 32 9
32 12 32 9
31 12 32 12
4 0 3 0
