164
6 22 6 21
1 16 0 16
26 0 26 1
6 23 6 22
1 24 1 23
26 26 25 26
26 27 26 26
1 23 0 23
24 9 24 8
24 10 24 9
25 0 25 1
2 0 2 1
4 0 4 1
6 17 6 18
5 17 6 17
5 18 5 17
6 18 5 18
7 18 6 18
27 2 27 3
13 25 13 24
5 7 4 7
10 27 10 26
26 12 26 13
21 7 21 8
6 2 5 2
18 19 19 19
5 1 5 0
6 1 5 1
18 24 18 23
15 24 15 25
14 21 14 20
5 13 6 13
1 2 0 2
27 12 26 12
5 25 5 26
14 22 14 23
13 22 14 22
10 8 10 9
15 0 16 0
27 16 26 16
22 4 21 4
21 4 21 3
21 3 20 3
20 4 21 4
13 23 13 22
23 17 23 18
13 11 13 10
14 11 13 11
17 7 16 7
12 18 11 18
11 18 11 19
6 10 6 9
13 15 14 15
26 5 27 5
25 5 26 5
9 24 9 25
14 12 14 13
15 12 14 12
9 8 10 8
19 9 19 10
18 18 18 19
21 23 21 22
24 23 24 22
14 24 15 24
10 9 9 9
18 2 17 2
17 6 17 7
3 22 3 23
18 21 18 20
26 25 27 25
5 4 5 5
13 3 13 4
2 8 2 7
24 26 24 27
13 6 13 7
24 12 24 11
16 7 16 8
2 3 3 3
12 23 11 23
9 0 9 1
13 11 12 11
19 18 18 18
19 19 19 18
18 19 19 19
26 13 25 13
12 22 12 21
13 22 12 22
21 13 21 14
20 14 20 13
20 0 19 0
27 1 27 2
7 23 6 23
9 4 10 4
9 3 9 4
6 16 7 16
0 9 0 10
2 4 2 3
24 0 24 1
23 0 24 0
23 7 23 6
8 13 9 13
14 2 14 1
26 3 26 4
16 11 16 10
6 7 7 7
6 8 6 7
5 12 4 12
14 20 13 20
4 24 3 24
23 26 22 26
13 4 12 4
6 13 6 12
26 19 26 18
5 24 5 23
18 16 17 16
1 19 1 18
20 7 21 7
17 15 16 15
15 4 16 4
11 26 11 27
13 1 13 2
21 20 22 20
21 21 21 20
20 24 21 24
18 15 17 15
17 1 16 1
12 15 13 15
26 12 26 11
25 8 25 7
6 9 5 9
11 10 12 10
11 9 11 10
12 9 11 9
16 15 16 14
20 6 20 5
21 6 20 6
21 5 21 6
3 26 3 25
4 26 3 26
12 13 12 14
9 12 8 12
13 2 12 2
25 2 25 3
21 16 21 17
10 14 9 14
16 4 17 4
14 22 14 21
7 6 8 6
7 7 7 6
4 11 4 10
23 18 24 18
22 18 23 18
9 20 9 21
12 12 12 13
7 13 7 14
24 20 24 19
25 19 25 20
16 16 16 17
25 1 25 2
10 15 9 15
1 6 1 5
9 15 9 16
3 4 4 4
2 7 3 7
135
3 3 2 3
3 0 3 3
3 7 3 3
1 7 3 7
3 9 3 7
1 9 1 7
3 11 3 9
5 11 3 11
5 9 3 9
7 9 5 9
9 9 7 9
11 9 9 9
9 7 9 9
5 6 5 9
7 6 5 6
7 3 7 6
7 0 7 3
9 13 9 9
9 14 9 13
9 16 9 14
7 14 9 14
9 18 9 16
7 16 9 16
5 16 7 16
5 17 5 16
5 18 5 17
9 21 9 18
11 21 9 21
12 21 11 21
12 22 12 21
6 21 9 21
6 20 6 21
4 20 6 20
12 25 12 22
15 22 12 22
15 24 15 22
9 25 12 25
12 14 9 14
12 13 12 14
14 14 12 14
14 15 14 14
15 14 14 14
12 11 12 13
14 18 14 15
15 18 14 18
11 3 7 3
15 3 11 3
18 3 15 3
20 3 18 3
18 1 18 3
18 0 18 1
20 5 20 3
1 17 5 17
1 18 1 17
1 14 1 17
15 7 15 3
13 7 15 7
17 11 12 11
17 10 17 11
19 10 17 10
19 13 19 10
19 14 19 13
19 16 19 14
23 10 19 10
23 8 23 10
24 8 23 8
21 8 23 8
3 25 9 25
2 25 3 25
3 24 3 25
2 24 2 25
2 26 2 25
21 24 15 24
21 25 21 24
23 24 21 24
23 25 23 24
23 21 23 24
23 20 23 21
23 19 23 20
22 19 23 19
25 20 23 20
22 17 22 19
22 16 22 17
22 15 22 16
27 20 25 20
27 17 27 20
27 13 27 17
25 13 27 13
25 12 25 13
25 26 25 20
26 26 25 26
24 1 18 1
24 0 24 1
27 0 24 0
26 5 20 5
26 4 26 5
27 5 26 5
27 4 26 4
27 6 27 5
16 14 16 12
18 12 16 12
18 13 18 12
18 14 18 13
18 17 18 14
19 17 18 17
18 18 18 17
19 18 19 17
17 17 18 17
16 17 17 17
17 16 17 17
21 17 19 17
21 18 21 17
21 15 21 17
21 14 21 15
22 14 21 14
21 12 21 14
21 20 21 18
22 20 21 20
21 22 21 20
22 22 21 22
20 22 21 22
18 22 20 22
18 20 18 18
16 22 18 22
13 20 18 20
13 15 13 20
11 15 13 15
0 21 0 16
1 21 0 21
1 22 1 21
5 22 1 22
6 22 5 22
5 21 5 22
1 26 1 22
1 27 1 26
