255
21 4 21 3
22 4 21 4
19 11 18 11
24 4 24 5
21 22 21 21
24 12 23 12
18 11 18 10
1 17 1 18
6 18 5 18
27 2 26 2
13 16 13 15
15 10 15 11
14 10 15 10
6 17 6 16
16 4 17 4
10 25 11 25
3 21 4 21
21 5 20 5
21 4 21 5
6 1 6 2
26 4 26 3
25 4 24 4
26 3 25 3
21 9 20 9
12 23 13 23
11 9 10 9
5 1 6 1
24 23 24 24
5 16 5 15
24 22 24 23
23 22 24 22
23 23 23 22
19 25 20 25
19 26 19 25
11 1 11 0
2 23 3 23
19 27 19 26
21 3 21 4
1 14 1 13
2 13 2 14
4 8 3 8
6 19 6 20
22 23 23 23
10 6 11 6
2 27 1 27
3 11 3 12
13 18 12 18
18 25 17 25
0 12 0 11
15 1 15 2
13 20 13 19
1 13 0 13
12 22 12 21
11 22 12 22
11 21 11 22
4 27 4 26
25 6 25 7
19 25 18 25
10 14 9 14
22 26 21 26
13 4 13 3
10 4 10 3
5 0 5 1
3 1 2 1
3 0 3 1
14 7 14 6
23 25 23 26
7 7 7 8
27 27 27 26
7 6 7 7
8 6 7 6
2 10 1 10
23 18 23 19
7 8 8 8
14 21 15 21
27 20 26 20
11 10 11 9
0 5 0 4
1 5 0 5
20 22 21 22
8 24 9 24
1 9 2 9
26 27 25 27
12 6 12 5
14 4 13 4
2 14 1 14
24 24 24 25
6 2 6 3
5 2 6 2
5 3 5 2
9 6 8 6
25 26 24 26
24 25 25 25
8 20 8 21
21 16 21 17
20 16 21 16
8 2 9 2
7 1 8 1
5 10 6 10
3 13 2 13
3 23 4 23
10 3 9 3
25 24 24 24
11 3 10 3
3 5 4 5
13 15 14 15
22 24 22 23
24 22 25 22
14 26 14 27
4 9 4 10
3 9 4 9
3 10 3 9
23 12 22 12
17 18 17 19
16 17 15 17
16 18 16 17
26 14 26 13
26 13 26 12
23 20 22 20
5 19 6 19
21 10 22 10
26 19 27 19
24 18 24 19
25 18 24 18
25 19 25 18
4 10 3 10
4 9 4 10
8 9 7 9
12 15 13 15
21 21 20 21
6 10 6 9
9 16 9 15
27 7 27 6
14 11 13 11
22 18 23 18
20 6 21 6
8 15 7 15
26 20 26 19
27 13 27 14
21 17 21 18
19 12 19 11
17 25 17 26
20 17 21 17
21 18 20 18
15 11 16 11
16 11 17 11
16 10 16 11
17 10 16 10
4 16 4 17
23 14 24 14
17 5 16 5
22 13 21 13
10 18 10 17
9 18 10 18
9 17 9 18
23 15 23 14
24 14 24 15
2 21 3 21
2 20 2 21
2 21 2 22
3 21 2 21
13 19 13 18
14 19 13 19
13 18 13 17
15 25 15 26
16 15 15 15
16 14 16 15
17 26 16 26
13 24 13 25
18 0 17 0
15 27 16 27
23 8 23 7
11 13 11 12
15 20 14 20
16 27 17 27
22 9 21 9
5 24 6 24
15 21 15 20
14 20 14 21
11 18 11 19
16 10 16 9
20 0 21 0
24 1 24 2
23 1 24 1
23 2 23 1
1 19 1 20
0 19 1 19
7 23 7 22
6 23 7 23
24 2 23 2
24 1 24 2
23 1 24 1
14 24 13 24
14 25 15 25
1 16 0 16
10 0 10 1
17 16 17 17
16 26 16 27
7 3 7 4
11 9 11 8
16 21 16 20
27 19 27 20
19 1 19 2
6 22 6 23
7 22 6 22
7 23 7 22
23 13 23 12
20 10 19 10
20 9 20 10
10 27 10 26
19 15 19 14
4 4 5 4
19 14 20 14
20 8 20 9
13 9 13 8
25 9 26 9
2 26 2 27
1 27 1 26
22 23 22 22
16 13 15 13
13 1 12 1
18 25 17 25
15 8 16 8
15 9 15 8
16 0 16 1
25 12 24 12
17 13 18 13
14 15 14 14
12 5 13 5
16 7 15 7
16 6 16 7
26 8 27 8
15 4 14 4
15 14 16 14
24 9 25 9
12 7 13 7
11 14 11 15
7 21 6 21
7 20 7 21
6 20 7 20
6 19 6 20
3 9 4 9
21 4 22 4
18 24 18 25
6 27 5 27
22 4 23 4
22 3 22 4
5 18 5 19
4 18 5 18
4 19 4 18
17 24 18 24
5 19 4 19
5 18 5 19
4 18 5 18
3 18 4 18
144
6 0 1 0
6 1 6 0
8 1 6 1
10 1 8 1
8 3 8 1
12 1 10 1
12 0 12 1
12 4 12 1
8 6 8 3
8 8 8 6
16 1 12 1
16 5 16 1
16 7 16 5
16 8 16 7
18 7 16 7
18 8 18 7
18 5 16 5
18 10 18 8
19 10 18 10
20 10 19 10
18 12 18 10
18 13 18 12
18 14 18 13
20 5 18 5
21 5 20 5
20 14 18 14
21 14 20 14
21 13 21 14
24 13 21 13
24 15 24 13
15 12 18 12
15 13 15 12
14 13 15 13
14 14 14 13
15 10 15 12
12 13 14 13
12 14 12 13
10 13 12 13
24 18 24 15
24 19 24 18
23 19 24 19
26 19 24 19
21 19 23 19
21 17 21 19
19 17 21 17
17 17 19 17
17 15 17 17
17 19 17 17
16 19 17 19
23 22 23 19
22 22 23 22
21 22 22 22
21 23 21 22
26 23 26 19
26 26 26 23
27 26 26 26
20 1 20 5
10 17 10 13
8 17 10 17
8 18 8 17
8 19 8 18
5 18 8 18
5 19 5 18
4 18 5 18
4 19 5 19
2 18 4 18
1 18 2 18
5 21 5 19
5 22 5 21
6 21 5 21
6 22 5 22
7 22 6 22
2 22 5 22
5 15 5 18
6 15 5 15
5 11 5 15
0 11 5 11
0 13 0 11
3 8 8 8
3 7 3 8
3 6 3 7
2 6 3 6
5 27 5 22
2 27 5 27
14 21 14 14
14 22 14 21
10 19 9 19
11 19 10 19
10 21 10 19
13 19 11 19
12 21 10 21
12 22 12 21
13 17 13 19
8 21 10 21
13 15 13 17
8 23 8 21
11 15 13 15
8 25 8 23
6 23 8 23
6 24 6 23
12 27 12 22
13 27 12 27
14 27 13 27
14 23 14 27
16 23 14 23
16 24 16 23
19 23 16 23
20 23 19 23
20 24 20 23
20 21 20 23
20 20 20 21
20 18 20 20
24 2 23 2
23 4 23 2
24 4 23 4
23 5 23 4
24 5 24 4
22 5 23 5
22 7 22 5
23 7 22 7
23 9 23 7
23 10 23 9
22 10 23 10
24 10 23 10
26 5 24 5
24 12 24 10
23 12 24 12
26 12 24 12
27 12 26 12
26 2 26 5
26 1 26 2
26 17 26 12
9 10 8 10
8 12 8 10
9 12 8 12
8 13 8 12
8 14 8 13
6 13 8 13
6 14 6 13
11 12 9 12
6 9 6 13
4 9 6 9
2 9 4 9
11 8 11 12
