349
22 19 22 18
15 22 15 23
3 17 2 17
3 18 3 17
19 22 19 23
5 11 4 11
9 30 10 30
9 29 9 30
12 4 12 3
13 3 13 4
9 9 9 10
1 17 1 18
2 17 1 17
6 11 6 10
6 8 5 8
1 19 0 19
1 18 1 19
20 27 21 27
18 23 18 24
19 23 18 23
24 6 23 6
13 4 12 4
17 26 18 26
7 28 6 28
17 25 17 26
16 25 17 25
5 28 4 28
16 26 16 25
17 26 16 26
17 25 17 26
1 10 1 9
6 19 7 19
20 28 20 27
1 14 2 14
6 10 5 10
19 14 19 15
8 25 7 25
8 24 8 25
22 30 22 29
11 19 10 19
1 11 1 10
31 21 31 20
20 27 19 27
15 19 15 20
10 22 10 23
27 5 26 5
24 28 24 29
20 20 20 19
19 21 19 20
24 20 23 20
18 17 18 16
10 0 9 0
10 1 10 0
22 11 22 10
21 10 21 11
25 16 25 15
1 13 0 13
16 20 16 19
1 19 2 19
15 30 15 29
23 19 22 19
23 18 23 19
22 18 23 18
12 19 11 19
30 28 30 29
22 14 22 15
15 17 15 16
20 19 21 19
21 11 22 11
16 10 16 11
19 18 18 18
13 19 12 19
13 18 13 19
26 5 26 4
18 10 17 10
22 19 22 18
23 19 22 19
16 19 15 19
19 19 20 19
4 1 5 1
29 9 29 10
8 28 7 28
27 10 27 9
21 12 20 12
24 8 24 7
24 19 25 19
26 11 25 11
27 11 27 12
26 12 26 11
13 9 13 10
27 12 28 12
13 11 12 11
0 14 1 14
1 17 1 18
21 17 21 16
17 12 17 13
22 7 23 7
22 6 22 7
23 6 22 6
0 20 1 20
30 16 29 16
10 10 11 10
10 11 10 10
23 7 23 8
24 7 23 7
16 14 17 14
16 13 16 14
17 13 16 13
5 18 4 18
19 20 20 20
28 3 28 2
2 5 1 5
31 16 30 16
22 28 22 27
17 15 18 15
5 1 5 0
28 15 28 14
17 29 17 28
21 18 21 17
15 16 16 16
6 27 5 27
31 26 31 25
2 29 1 29
14 28 13 28
31 25 30 25
9 3 9 4
25 23 25 22
24 23 25 23
10 8 10 7
9 16 8 16
1 30 1 31
15 5 14 5
15 4 15 5
0 16 1 16
3 3 3 2
2 23 2 24
1 23 2 23
10 23 9 23
13 28 13 29
11 26 11 25
10 26 11 26
29 6 28 6
28 2 27 2
19 17 18 17
29 23 28 23
9 28 9 27
10 28 9 28
10 27 10 28
12 5 11 5
30 9 29 9
14 7 13 7
8 25 8 26
16 5 16 4
9 28 9 29
6 30 6 29
31 9 30 9
13 22 14 22
24 22 24 23
14 8 14 7
19 16 19 17
20 16 19 16
20 17 20 16
16 18 16 19
5 27 5 26
1 26 0 26
1 25 1 26
23 3 23 2
1 8 0 8
11 25 10 25
9 21 9 20
16 19 16 20
16 6 15 6
20 5 21 5
4 28 4 27
3 28 4 28
1 9 2 9
22 9 22 8
23 9 22 9
23 8 23 9
21 5 21 4
22 5 23 5
19 3 20 3
15 8 14 8
23 5 23 6
1 22 1 23
2 22 1 22
16 2 16 1
17 2 16 2
28 25 28 26
24 1 25 1
16 1 16 0
18 11 18 12
24 4 25 4
10 30 10 31
8 22 8 21
13 8 13 9
14 26 14 25
15 26 14 26
19 11 18 11
30 11 31 11
15 29 14 29
21 31 22 31
9 30 10 30
10 31 9 31
18 11 18 10
19 10 19 11
31 2 31 1
4 5 4 4
5 5 4 5
27 0 27 1
11 26 12 26
2 14 2 13
30 15 31 15
25 19 25 20
23 20 23 21
16 31 16 30
16 22 17 22
5 21 5 22
15 23 15 24
15 15 15 16
29 28 28 28
30 29 29 29
27 21 27 20
26 21 27 21
26 20 26 21
15 7 15 8
7 22 7 21
26 10 27 10
26 9 26 10
8 20 7 20
30 21 29 21
18 17 17 17
11 17 11 16
26 17 26 18
25 17 26 17
25 18 25 17
31 12 31 13
30 13 30 14
31 13 30 13
8 18 9 18
22 13 22 12
18 16 18 17
23 13 22 13
9 23 9 24
22 13 21 13
22 10 23 10
9 22 10 22
7 27 6 27
17 26 17 27
7 1 8 1
8 23 9 23
30 4 31 4
19 7 18 7
19 6 19 7
25 1 25 2
25 0 25 1
7 0 6 0
7 28 7 27
26 19 27 19
26 18 26 19
8 19 8 18
6 29 7 29
29 21 28 21
30 25 29 25
14 1 14 2
17 27 16 27
5 19 6 19
30 16 30 15
31 15 31 16
29 17 28 17
29 16 29 17
28 16 29 16
14 5 13 5
22 12 23 12
18 4 17 4
11 2 12 2
21 21 21 22
21 15 20 15
16 12 15 12
23 18 23 17
21 16 21 15
11 23 12 23
31 18 31 17
15 6 14 6
2 19 3 19
2 20 2 19
4 29 4 30
6 19 6 20
11 12 11 11
18 24 17 24
18 23 18 24
25 22 26 22
26 21 25 21
30 3 30 4
15 12 15 11
14 12 15 12
21 8 21 7
22 8 21 8
22 7 22 8
2 4 2 5
1 4 2 4
1 5 1 4
1 27 0 27
19 7 19 8
18 7 19 7
18 8 18 7
8 9 7 9
26 22 26 21
26 17 26 18
25 17 26 17
25 26 25 25
12 6 12 5
11 6 12 6
11 5 11 6
24 21 24 22
2 3 3 3
26 6 26 7
27 17 27 18
27 22 26 22
3 22 3 21
4 22 3 22
22 6 22 7
21 6 22 6
21 7 21 6
24 30 24 31
22 31 22 30
24 15 24 16
25 15 24 15
7 5 7 6
23 26 24 26
6 22 6 23
11 4 11 5
12 4 11 4
12 5 12 4
8 5 9 5
7 13 7 12
23 10 24 10
23 11 23 10
22 16 21 16
21 0 21 1
12 25 11 25
29 29 29 30
17 16 18 16
11 3 11 2
26 23 27 23
9 17 9 16
9 16 9 15
9 13 10 13
9 12 9 13
150
5 0 3 0
5 3 5 0
5 8 5 3
7 8 5 8
7 9 7 8
7 10 7 9
7 6 7 8
8 6 7 6
5 10 7 10
11 6 8 6
11 5 11 6
12 6 11 6
13 6 12 6
13 5 13 6
13 7 13 6
13 9 13 7
14 9 13 9
15 5 13 5
11 9 13 9
11 8 11 9
1 10 5 10
13 1 13 5
9 1 13 1
5 15 5 10
3 15 5 15
3 14 3 15
3 17 3 15
7 17 3 17
7 19 7 17
10 17 7 17
10 19 10 17
10 22 10 19
10 25 10 22
10 28 10 25
7 25 10 25
10 13 10 17
9 13 10 13
10 12 10 13
13 13 10 13
5 22 10 22
1 4 1 10
0 4 1 4
2 4 1 4
1 1 1 4
17 28 10 28
17 24 17 28
18 24 17 24
15 24 17 24
18 18 18 24
22 18 18 18
24 18 22 18
22 15 22 18
21 15 22 15
24 15 22 15
21 13 21 15
27 15 24 15
27 13 27 15
30 15 27 15
27 10 27 13
26 10 27 10
29 10 27 10
30 10 29 10
30 9 30 10
30 12 30 10
24 22 24 18
26 22 24 22
26 24 26 22
29 22 26 22
30 22 29 22
30 20 30 22
31 20 30 20
29 25 29 22
21 9 21 13
20 9 21 9
19 9 20 9
19 11 19 9
16 11 19 11
29 30 29 25
31 30 29 30
26 30 29 30
26 29 26 30
25 30 26 30
25 29 26 29
24 29 25 29
22 29 24 29
22 30 22 29
20 3 20 9
26 3 20 3
0 15 0 13
2 13 0 13
2 12 2 13
2 19 2 13
3 19 2 19
4 19 3 19
3 21 3 19
4 21 3 21
2 21 3 21
4 27 4 21
4 28 4 27
2 27 4 27
2 26 2 27
1 26 2 26
4 30 4 28
1 23 1 26
7 30 4 30
10 30 7 30
12 30 10 30
0 30 4 30
16 30 12 30
15 12 15 11
15 13 15 12
15 14 15 13
16 14 15 14
14 14 15 14
15 16 15 14
13 16 15 16
13 15 13 16
11 16 13 16
18 12 15 12
20 12 18 12
20 13 20 12
19 13 20 13
11 19 11 16
11 20 11 19
15 19 15 16
16 0 13 0
16 2 16 0
22 2 16 2
23 2 22 2
25 2 23 2
27 2 25 2
27 1 27 2
27 6 27 2
31 1 27 1
31 4 31 1
31 5 31 4
30 5 31 5
23 6 27 6
23 7 23 6
23 4 23 6
3 5 2 5
4 5 3 5
4 4 4 5
4 6 4 5
4 3 4 4
3 3 4 3
2 7 2 5
2 8 2 7
2 9 2 8
3 9 2 9
