179
31 5 31 4
6 26 5 26
2 26 3 26
5 22 6 22
0 3 0 4
1 26 0 26
15 28 16 28
8 11 9 11
7 18 7 17
5 32 6 32
3 9 3 10
6 34 6 33
25 1 24 1
32 21 31 21
0 21 0 20
10 33 10 32
20 33 20 32
21 32 21 33
28 1 28 2
34 6 34 5
23 28 24 28
4 4 4 5
27 20 27 21
14 3 15 3
14 28 15 28
6 1 7 1
5 0 6 0
33 10 33 11
33 21 32 21
29 20 28 20
5 13 5 12
1 28 1 27
3 10 2 10
13 16 13 15
12 17 12 18
3 6 3 5
1 14 1 13
19 7 18 7
5 15 5 14
34 17 33 17
12 19 13 19
28 15 28 14
27 24 27 23
33 29 34 29
9 1 9 0
8 1 9 1
16 12 16 11
25 20 24 20
12 10 12 11
16 3 16 2
25 22 25 21
31 24 32 24
20 15 20 16
31 25 32 25
8 8 9 8
26 17 26 18
22 12 22 13
19 10 19 9
31 26 32 26
30 30 30 29
20 7 21 7
14 8 14 7
8 0 8 1
23 10 23 9
31 4 30 4
23 11 22 11
0 26 0 25
31 30 32 30
22 29 21 29
31 15 31 16
24 28 24 27
22 28 22 29
22 23 22 24
13 28 12 28
9 6 10 6
9 5 9 6
10 31 11 31
15 4 15 5
33 14 33 13
29 33 28 33
18 7 18 8
9 1 9 2
25 30 25 29
16 8 15 8
14 14 15 14
21 21 20 21
26 9 25 9
6 15 7 15
4 7 3 7
29 10 29 9
11 31 11 30
27 27 27 26
10 4 9 4
28 18 28 17
20 25 19 25
32 1 32 0
13 2 14 2
22 11 21 11
11 1 10 1
8 33 8 32
19 9 20 9
0 29 1 29
29 22 29 23
31 29 31 28
21 4 22 4
33 11 32 11
5 30 5 29
13 21 14 21
5 14 4 14
4 15 5 15
4 5 5 5
28 14 27 14
27 21 28 21
27 22 26 22
24 24 24 23
15 28 15 29
19 16 18 16
15 1 16 1
5 10 6 10
26 13 26 12
7 4 6 4
29 24 28 24
17 24 18 24
21 11 21 10
11 9 11 8
29 23 30 23
2 1 3 1
8 10 8 11
32 21 32 20
9 11 9 12
21 7 22 7
27 30 26 30
10 6 10 5
23 33 23 34
2 11 2 12
10 32 11 32
9 20 9 19
29 31 29 30
7 17 8 17
5 2 5 1
31 8 31 7
30 29 29 29
26 12 27 12
28 19 28 18
20 20 20 19
4 24 4 25
8 2 7 2
23 24 24 24
23 15 24 15
16 5 16 4
10 20 10 21
23 16 23 15
24 23 23 23
1 10 0 10
11 12 11 13
30 12 30 13
12 12 12 13
24 5 25 5
26 3 26 4
24 6 23 6
5 12 6 12
30 17 31 17
16 29 16 30
5 15 6 15
18 16 17 16
14 21 14 20
9 33 10 33
27 6 27 5
7 2 7 3
23 5 24 5
24 5 24 4
24 11 24 10
34 8 33 8
34 12 33 12
11 16 10 16
11 18 10 18
11 20 10 20
24 20 23 20
11 21 11 20
120
2 10 0 10
2 12 2 10
6 10 2 10
6 12 6 10
9 10 6 10
9 8 9 10
9 12 9 10
10 12 9 12
9 6 9 8
9 4 9 6
9 2 9 4
9 0 9 2
6 6 9 6
6 4 6 6
6 15 6 12
6 16 6 15
5 16 6 16
12 0 9 0
6 0 6 4
10 16 10 12
10 18 10 16
10 20 10 18
10 21 10 20
11 20 10 20
7 21 10 21
14 20 11 20
14 16 14 20
1 4 6 4
0 4 1 4
1 2 1 4
14 2 9 2
19 20 14 20
19 23 19 20
23 20 19 20
23 18 23 20
23 22 23 20
23 23 23 22
23 15 23 18
24 15 23 15
21 15 23 15
19 15 21 15
18 15 19 15
16 15 18 15
26 22 23 22
26 18 23 18
28 18 26 18
28 20 28 18
26 26 26 22
27 26 26 26
25 26 26 26
29 26 27 26
27 29 27 26
29 29 27 29
25 29 27 29
23 29 25 29
22 29 23 29
21 29 22 29
18 29 21 29
18 31 18 29
21 33 21 29
21 10 21 15
22 10 21 10
24 10 22 10
22 8 22 10
22 7 22 8
24 8 24 10
22 4 22 7
23 4 22 4
24 4 23 4
26 4 24 4
26 2 26 4
26 1 26 2
24 1 26 1
24 0 24 1
22 0 24 0
30 4 26 4
33 4 30 4
33 1 33 4
28 8 24 8
33 8 33 4
33 12 33 8
33 13 33 12
34 13 33 13
30 13 33 13
28 13 30 13
14 7 14 2
17 7 14 7
17 4 17 7
16 4 17 4
34 29 29 29
0 18 0 10
5 26 5 16
5 29 5 26
5 31 5 29
4 31 5 31
2 29 5 29
1 29 2 29
1 31 1 29
10 33 21 33
6 22 6 20
6 28 6 22
6 32 6 28
6 33 6 32
12 28 6 28
12 25 12 28
12 22 12 25
11 22 12 22
16 28 12 28
18 28 16 28
16 30 16 28
16 26 16 28
14 30 16 30
14 26 16 26
18 24 18 28
22 24 18 24
24 24 22 24
22 21 22 24
20 21 22 21
0 33 6 33
26 28 18 28
