253
28 36 29 36
23 37 23 36
10 33 11 33
25 18 25 19
4 2 5 2
6 20 5 20
5 34 4 34
14 1 14 2
21 34 21 33
37 5 37 4
5 29 5 30
23 24 23 23
22 17 22 18
37 32 37 33
8 19 9 19
25 17 25 18
16 15 16 16
12 0 13 0
27 4 27 5
17 8 18 8
25 18 26 18
36 28 36 29
3 2 4 2
3 3 3 2
27 0 27 1
28 1 28 2
22 21 22 20
6 8 5 8
14 16 14 15
5 20 5 21
30 6 30 5
34 3 34 4
28 37 27 37
27 36 28 36
35 36 35 37
35 31 36 31
3 5 2 5
4 2 4 3
3 2 4 2
7 25 7 26
30 12 30 11
28 23 28 24
22 18 21 18
35 1 36 1
35 2 35 1
36 2 35 2
31 30 31 29
7 9 6 9
28 36 28 37
26 13 26 12
25 13 26 13
26 12 27 12
26 13 26 12
35 37 34 37
23 14 23 13
15 6 14 6
9 17 10 17
7 2 8 2
10 5 10 6
9 5 9 4
18 37 18 36
2 31 1 31
23 32 22 32
2 5 1 5
36 13 37 13
19 31 20 31
4 10 3 10
34 4 35 4
33 9 34 9
20 29 21 29
9 15 10 15
9 16 9 15
33 11 33 10
10 29 11 29
8 25 7 25
6 15 6 16
9 35 9 34
10 16 9 16
20 5 20 6
1 14 0 14
1 4 0 4
35 11 34 11
6 12 5 12
2 20 3 20
5 8 4 8
15 32 14 32
31 34 31 33
15 28 14 28
0 17 0 16
24 33 24 32
10 17 10 18
31 9 31 8
29 1 29 2
27 34 27 35
2 25 3 25
16 6 17 6
32 3 32 2
29 2 29 3
28 32 27 32
27 8 27 9
31 27 30 27
26 9 26 8
31 8 31 7
26 26 26 25
0 19 1 19
6 14 6 13
31 28 31 27
0 7 1 7
1 6 0 6
33 26 33 27
12 23 12 22
3 4 3 5
6 31 7 31
7 33 7 34
2 34 3 34
8 15 8 14
11 21 12 21
19 1 19 2
24 25 23 25
2 22 2 21
24 14 23 14
16 35 16 34
11 16 10 16
10 15 11 15
25 9 25 10
18 5 19 5
27 28 27 27
4 8 4 9
19 20 19 19
4 27 3 27
5 6 4 6
0 35 0 36
21 23 21 24
4 30 3 30
33 15 32 15
16 37 15 37
2 23 2 24
28 15 29 15
32 30 33 30
23 17 22 17
31 33 30 33
24 4 23 4
32 33 32 34
32 28 31 28
31 24 31 23
8 11 9 11
9 12 8 12
15 25 16 25
16 26 16 27
6 28 6 29
22 3 22 4
20 11 19 11
21 35 22 35
21 24 21 25
29 3 30 3
9 25 9 24
10 12 10 13
20 22 21 22
3 34 3 33
31 0 30 0
15 11 15 12
17 31 18 31
9 18 8 18
5 5 6 5
12 20 12 19
16 9 15 9
35 27 35 28
34 14 35 14
9 31 8 31
37 6 37 5
4 18 4 17
26 2 26 1
28 24 27 24
28 3 28 4
17 13 18 13
30 19 30 20
24 18 23 18
6 35 6 34
34 32 34 31
31 23 30 23
29 12 30 12
29 11 29 12
7 8 7 9
25 31 26 31
33 32 33 33
11 7 10 7
6 7 6 6
8 31 8 30
28 4 29 4
24 24 23 24
30 26 31 26
14 21 13 21
25 21 25 20
1 13 1 12
34 30 35 30
30 20 31 20
14 32 14 31
19 36 20 36
9 24 9 23
12 7 12 6
33 27 32 27
18 35 17 35
23 11 23 10
12 1 12 0
22 2 22 3
7 34 8 34
28 20 28 19
1 37 0 37
3 20 4 20
35 4 36 4
7 27 8 27
24 26 25 26
19 24 19 25
20 35 20 34
17 22 18 22
6 16 5 16
14 31 14 30
17 6 17 5
0 2 0 3
10 6 11 6
16 25 16 24
7 25 6 25
29 14 28 14
30 22 30 21
13 16 14 16
14 36 14 35
13 23 13 22
0 30 0 29
29 25 29 26
7 18 7 19
22 32 22 31
24 32 23 32
9 4 9 3
7 20 6 20
6 9 6 10
10 24 10 25
7 26 8 26
21 29 21 28
13 4 13 5
20 7 21 7
17 15 18 15
2 35 2 34
8 27 9 27
6 3 7 3
14 28 14 29
22 35 22 34
17 23 17 22
21 18 21 19
2 15 2 14
14 24 14 23
2 34 2 33
17 10 17 11
16 24 16 23
146
1 5 1 2
1 7 1 5
4 2 1 2
5 2 4 2
5 1 5 2
5 4 5 2
10 1 5 1
10 0 10 1
15 1 10 1
15 4 15 1
15 7 15 4
13 7 15 7
15 9 15 7
13 10 13 7
10 7 13 7
15 12 15 9
10 10 10 7
7 7 10 7
7 9 7 7
8 9 7 9
8 12 8 9
8 14 8 12
5 12 8 12
5 14 5 12
11 14 8 14
11 15 11 14
2 14 5 14
11 18 11 15
10 18 11 18
8 18 10 18
1 12 5 12
8 24 8 18
8 26 8 24
10 26 8 26
15 26 10 26
2 24 8 24
2 21 2 24
0 21 2 21
5 21 2 21
0 18 0 21
10 32 10 26
9 32 10 32
10 35 10 32
22 4 15 4
22 3 22 4
23 4 22 4
29 4 23 4
31 4 29 4
31 6 31 4
29 12 29 4
30 12 29 12
31 12 30 12
27 12 29 12
26 12 27 12
33 12 31 12
34 12 33 12
34 11 34 12
36 12 34 12
36 14 36 12
27 9 27 12
33 20 33 12
31 20 33 20
33 22 33 20
31 26 31 20
29 26 31 26
29 24 29 26
27 24 29 24
35 26 31 26
35 28 35 26
33 28 35 28
35 30 35 28
33 30 33 28
33 33 33 30
30 30 33 30
30 33 33 33
37 33 33 33
25 26 29 26
25 30 25 26
25 33 25 30
25 22 25 26
24 22 25 22
25 20 25 22
22 20 25 20
22 17 22 20
24 17 22 17
21 33 25 33
19 33 21 33
19 37 19 33
15 37 19 37
14 37 15 37
20 14 11 14
20 6 20 14
1 35 10 35
1 31 1 35
14 29 11 29
14 30 14 29
17 29 14 29
17 30 17 29
18 29 17 29
17 27 17 29
20 27 17 27
20 24 20 27
20 23 20 24
23 23 20 23
16 23 20 23
14 23 16 23
14 25 14 23
10 23 14 23
10 25 10 23
11 33 11 29
17 35 17 30
17 36 17 35
18 36 17 36
14 35 17 35
12 35 14 35
16 16 16 23
14 16 16 16
25 16 16 16
25 19 25 16
28 0 23 0
28 2 28 0
24 2 28 2
23 2 24 2
32 2 28 2
32 4 32 2
32 7 32 4
32 8 32 7
32 11 32 8
30 11 32 11
19 2 23 2
36 8 32 8
36 4 32 4
37 4 36 4
36 1 36 4
35 1 36 1
36 0 36 1
3 27 3 25
3 28 3 27
3 30 3 28
5 30 3 30
3 33 3 30
8 30 5 30
9 30 8 30
8 28 8 30
9 28 8 28
9 27 9 28
