350
32 39 32 40
24 11 24 10
40 10 40 11
34 43 33 43
33 43 33 44
13 35 13 36
45 21 45 20
46 21 45 21
14 41 13 41
22 6 23 6
24 10 23 10
38 14 38 15
29 22 28 22
10 35 10 34
23 10 23 9
13 24 12 24
32 6 33 6
19 9 19 10
11 42 12 42
11 41 11 42
4 15 4 16
39 29 39 30
43 30 43 31
19 6 19 5
15 11 15 10
19 25 20 25
43 10 43 11
1 6 0 6
20 32 19 32
13 6 12 6
36 28 37 28
43 26 42 26
37 28 38 28
1 45 1 44
42 10 43 10
19 5 20 5
18 5 19 5
45 20 46 20
46 18 46 19
19 10 20 10
2 27 2 26
2 21 3 21
18 0 19 0
41 40 42 40
41 41 41 40
15 25 15 26
5 16 6 16
40 41 41 41
40 40 40 41
46 33 45 33
45 34 46 34
8 1 9 1
7 2 7 1
7 9 8 9
39 43 38 43
43 2 44 2
39 13 40 13
18 17 19 17
1 5 1 4
39 14 38 14
19 15 18 15
39 30 38 30
8 10 8 11
11 3 11 2
6 28 5 28
6 8 6 7
24 25 24 26
38 12 38 13
25 32 26 32
42 8 43 8
27 29 27 30
11 6 11 5
5 6 5 5
2 16 2 15
8 15 8 16
44 2 44 3
10 6 10 7
3 5 3 6
34 11 34 10
44 16 44 15
24 32 24 31
44 0 45 0
45 0 45 1
38 29 39 29
11 42 10 42
14 14 14 15
16 16 15 16
14 15 15 15
6 32 6 33
4 30 5 30
6 33 7 33
35 42 35 41
35 28 36 28
41 9 42 9
30 2 30 1
20 42 20 43
35 1 35 2
33 15 32 15
28 27 29 27
28 34 29 34
9 24 9 23
32 40 33 40
8 19 8 20
10 24 9 24
10 25 10 24
16 3 16 4
32 15 32 16
30 15 30 16
17 8 17 7
38 15 39 15
8 2 7 2
17 9 17 8
7 1 8 1
16 6 15 6
8 32 9 32
8 35 9 35
4 23 5 23
24 42 25 42
5 29 6 29
18 33 19 33
16 4 15 4
5 23 5 22
35 22 36 22
17 41 17 42
37 22 37 23
36 22 37 22
34 7 35 7
44 37 45 37
28 22 28 21
44 39 45 39
27 12 27 11
6 0 6 1
36 24 37 24
24 41 23 41
31 24 31 25
33 26 34 26
27 36 27 37
33 39 34 39
12 46 13 46
15 21 14 21
32 26 32 27
14 17 14 16
15 16 15 17
5 4 4 4
3 9 4 9
11 20 12 20
17 42 18 42
18 15 18 16
40 41 40 42
4 4 4 5
39 15 39 16
9 4 8 4
9 5 9 4
10 9 10 10
35 25 35 26
3 22 3 23
6 20 6 21
30 20 30 21
30 21 30 22
35 16 36 16
27 6 28 6
28 28 27 28
27 11 26 11
5 38 5 39
26 23 27 23
8 30 8 29
25 46 25 45
25 19 25 18
15 26 15 27
28 18 27 18
20 5 20 4
16 28 17 28
36 12 35 12
33 40 33 41
4 2 4 1
33 21 34 21
27 39 27 40
26 16 27 16
21 24 21 23
37 6 37 7
42 38 43 38
32 8 32 7
32 20 32 21
17 5 17 4
11 44 11 43
46 42 45 42
36 37 35 37
34 26 34 25
37 34 36 34
46 31 46 30
22 18 23 18
15 31 16 31
22 5 22 6
19 37 19 36
11 43 12 43
35 26 34 26
40 23 41 23
28 1 28 0
35 24 36 24
40 15 40 14
23 6 23 7
18 1 17 1
3 25 4 25
9 33 10 33
8 46 9 46
24 46 24 45
22 19 22 18
1 4 2 4
27 16 27 15
21 35 21 34
0 1 1 1
3 42 4 42
34 17 34 18
34 4 34 5
36 17 36 18
15 19 16 19
26 25 26 24
18 39 18 40
6 38 6 39
24 7 25 7
21 39 21 40
7 44 7 43
16 32 15 32
7 18 7 17
31 25 30 25
27 1 26 1
0 20 1 20
2 33 2 34
28 3 28 2
32 46 32 45
43 11 42 11
1 25 1 26
13 36 12 36
32 19 32 20
23 18 23 19
39 6 38 6
6 9 5 9
42 3 41 3
24 31 25 31
12 11 13 11
9 4 10 4
2 34 1 34
5 1 5 0
25 3 24 3
39 21 40 21
42 9 42 8
40 4 41 4
7 12 7 11
25 24 25 23
26 24 25 24
45 17 46 17
40 45 41 45
25 1 25 0
0 6 0 7
20 8 19 8
22 26 22 27
0 22 0 21
13 11 14 11
4 34 4 35
5 34 4 34
16 19 16 20
7 31 8 31
21 44 20 44
44 15 43 15
22 39 23 39
45 21 45 20
26 44 25 44
8 13 8 14
43 46 44 46
5 2 6 2
20 2 21 2
39 7 39 8
21 1 20 1
43 5 42 5
32 20 31 20
12 14 11 14
31 12 32 12
35 27 35 28
37 4 38 4
4 13 4 14
35 14 35 13
35 28 35 29
21 0 20 0
6 37 6 38
19 32 19 31
7 23 8 23
11 40 11 41
23 12 23 13
45 16 46 16
4 19 5 19
14 21 14 20
24 12 24 11
30 16 31 16
11 13 11 12
46 22 46 21
9 1 9 0
14 20 14 19
37 8 38 8
8 16 7 16
43 42 43 43
21 34 21 33
17 13 18 13
45 3 45 2
33 46 32 46
10 10 9 10
12 2 12 3
0 21 1 21
45 23 44 23
29 1 29 2
2 13 2 14
22 36 23 36
22 35 23 35
44 7 43 7
4 40 5 40
21 40 20 40
22 18 22 17
1 30 1 29
21 2 21 3
6 35 6 36
4 35 4 36
36 34 36 35
3 35 3 36
7 25 6 25
4 22 3 22
10 44 9 44
1 21 2 21
37 7 38 7
32 23 31 23
18 27 19 27
30 14 31 14
22 45 23 45
25 5 25 4
22 1 22 0
29 13 30 13
8 14 8 15
28 21 28 20
25 17 24 17
42 37 42 38
29 6 29 7
5 33 5 32
3 30 2 30
21 38 22 38
36 18 37 18
42 26 41 26
7 13 6 13
45 33 45 34
42 38 41 38
30 5 30 6
7 11 6 11
20 17 20 18
149
9 3 9 0
12 3 9 3
12 6 12 3
12 10 12 6
9 10 12 10
3 6 12 6
21 3 12 3
24 3 21 3
24 1 24 3
26 1 24 1
26 8 26 1
26 11 26 8
24 11 26 11
21 11 24 11
21 12 21 11
31 11 26 11
33 11 31 11
31 9 31 11
31 14 31 11
21 17 21 12
22 17 21 17
19 17 21 17
19 18 19 17
24 17 22 17
33 6 33 11
33 0 33 6
31 0 33 0
19 8 26 8
19 7 19 8
17 8 19 8
19 5 19 7
40 11 33 11
41 11 40 11
24 24 24 17
25 24 24 24
25 27 25 24
22 27 25 27
29 27 25 27
32 27 29 27
25 31 25 27
41 4 41 11
41 3 41 4
44 3 41 3
44 6 44 3
29 34 29 27
11 12 21 12
11 14 11 12
13 14 11 14
25 42 25 31
25 44 25 42
32 44 25 44
33 44 32 44
32 38 32 44
22 38 22 27
20 38 22 38
20 40 20 38
20 41 20 40
13 41 20 41
12 41 13 41
13 40 13 41
11 41 12 41
7 41 11 41
7 43 7 41
2 41 7 41
0 41 2 41
11 35 11 41
9 35 11 35
9 37 9 35
9 32 9 35
5 32 9 32
5 30 5 32
5 28 5 30
5 27 5 28
7 27 5 27
2 30 5 30
5 24 5 27
5 22 5 24
3 22 5 22
9 24 5 24
9 23 9 24
15 27 7 27
15 20 15 27
8 18 19 18
36 24 25 24
45 34 29 34
45 37 45 34
45 39 45 37
45 42 45 39
40 39 45 39
40 42 40 39
31 20 28 20
31 23 31 20
31 16 31 20
32 16 31 16
36 16 32 16
39 16 36 16
32 12 32 16
39 20 39 16
39 23 39 20
41 23 39 23
42 23 41 23
37 23 39 23
37 24 37 23
44 23 42 23
41 26 41 23
44 20 44 23
45 20 44 20
37 29 37 24
39 29 37 29
39 32 39 29
44 11 44 20
42 11 44 11
42 8 42 11
42 5 42 8
8 1 6 1
8 4 8 1
2 4 8 4
2 3 2 4
2 14 2 4
2 15 2 14
2 21 2 15
2 26 2 21
3 26 2 26
8 15 2 15
9 15 8 15
8 11 8 15
8 9 8 11
14 11 8 11
18 11 14 11
18 9 18 11
23 9 18 9
25 9 23 9
16 21 16 20
16 31 16 21
14 31 16 31
19 31 16 31
19 33 19 31
21 33 19 33
19 36 19 33
16 36 19 36
19 27 19 31
21 27 19 27
12 36 16 36
4 44 1 44
4 42 4 44
5 42 4 42
9 44 4 44
9 46 9 44
7 46 9 46
