87
6 1 7 1
19 21 20 21
21 1 21 0
7 19 8 19
6 10 6 11
1 8 0 8
14 5 14 4
13 20 13 21
14 4 15 4
7 12 7 13
21 9 21 8
4 8 4 7
20 9 21 9
20 14 20 13
3 20 3 21
12 9 11 9
0 20 1 20
3 18 2 18
6 6 7 6
3 5 3 4
6 18 7 18
7 6 7 5
6 9 6 10
16 22 16 21
13 18 14 18
2 19 3 19
2 18 2 19
2 12 2 11
8 15 8 16
1 3 0 3
19 8 19 7
2 15 2 16
19 11 20 11
19 12 19 11
9 21 10 21
5 14 5 13
17 10 16 10
12 16 12 17
6 19 7 19
11 10 12 10
18 12 19 12
6 13 6 14
7 13 6 13
4 7 4 6
3 6 3 7
10 11 11 11
5 8 4 8
5 7 5 8
3 21 2 21
8 17 8 18
6 16 7 16
12 2 12 3
11 3 11 2
9 4 9 5
10 4 11 4
16 18 16 17
14 17 13 17
4 11 3 11
19 10 18 10
6 20 6 21
22 6 23 6
18 17 19 17
6 14 7 14
5 2 6 2
18 19 19 19
15 14 14 14
0 22 0 23
2 22 2 23
5 13 4 13
21 5 20 5
2 1 3 1
20 7 21 7
6 3 6 4
4 2 5 2
18 0 17 0
3 1 3 2
8 23 8 22
21 7 21 6
12 6 11 6
4 10 5 10
2 7 2 8
19 9 18 9
23 9 23 10
17 7 17 6
19 7 19 6
4 8 4 7
20 8 19 8
112
0 2 0 1
0 3 0 2
3 2 0 2
3 3 3 2
3 4 3 3
5 2 3 2
5 3 5 2
6 2 5 2
5 4 5 3
6 4 5 4
6 0 6 2
8 2 6 2
10 2 8 2
11 2 10 2
11 4 11 2
11 6 11 4
11 7 11 6
12 7 11 7
11 9 11 7
11 11 11 9
11 13 11 11
11 14 11 13
10 13 11 13
10 14 11 14
11 16 11 14
10 16 11 16
10 18 10 16
9 18 10 18
10 19 10 18
8 18 9 18
10 20 10 19
8 19 8 18
10 21 10 20
11 20 10 20
10 22 10 21
8 21 8 19
8 22 8 21
6 22 8 22
6 21 6 22
8 16 8 18
3 7 3 4
3 8 3 7
4 7 3 7
2 8 3 8
6 7 4 7
0 8 2 8
3 11 3 8
2 11 3 11
3 13 3 11
4 13 3 13
4 14 4 13
6 13 4 13
6 11 6 13
14 20 11 20
14 19 14 20
14 18 14 19
16 19 14 19
16 21 16 19
14 14 11 14
2 21 6 21
0 21 2 21
2 19 2 21
3 19 2 19
2 23 2 21
0 23 0 21
15 4 11 4
15 1 15 4
17 1 15 1
17 0 17 1
12 1 15 1
21 0 17 0
15 11 11 11
15 10 15 11
21 4 21 0
21 6 21 4
23 6 21 6
21 8 21 6
19 6 21 6
19 8 21 8
17 6 19 6
23 3 23 6
19 11 19 8
19 12 19 11
20 11 19 11
19 13 19 12
20 10 20 11
20 13 19 13
23 11 20 11
23 10 23 11
20 17 20 13
20 19 20 17
22 17 20 17
20 21 20 19
22 19 20 19
22 23 22 19
23 23 22 23
0 14 0 8
17 16 11 16
18 16 17 16
7 5 5 5
7 3 7 5
8 3 7 3
9 5 7 5
9 10 9 5
9 12 9 10
9 14 9 12
7 14 9 14
7 16 7 14
7 17 7 16
7 18 7 17
7 19 7 18
7 20 7 19
