172
2 25 1 25
26 6 26 7
26 7 25 7
3 26 2 26
0 26 0 25
0 27 0 26
3 13 4 13
5 1 5 2
8 6 8 5
0 6 0 5
15 29 16 29
15 30 15 29
2 13 3 13
12 5 13 5
19 3 19 4
8 26 8 27
2 7 2 8
3 7 2 7
2 7 1 7
26 29 26 30
25 27 25 28
27 28 27 29
9 14 10 14
9 0 10 0
27 23 28 23
27 22 27 23
29 21 29 22
7 28 7 29
30 21 30 22
28 15 27 15
26 26 26 27
11 9 11 8
25 22 26 22
11 17 12 17
5 11 4 11
26 27 25 27
22 19 22 20
26 11 25 11
4 5 4 6
13 12 14 12
5 15 4 15
18 4 18 5
14 15 14 16
23 27 24 27
23 28 23 27
17 10 18 10
14 27 13 27
15 26 14 26
14 12 14 11
24 13 23 13
23 18 24 18
21 24 20 24
9 6 10 6
23 14 23 15
9 5 9 6
20 0 21 0
10 24 9 24
8 29 8 28
7 29 8 29
10 30 9 30
4 13 5 13
16 10 16 9
5 23 5 24
6 24 6 23
20 11 19 11
19 8 20 8
9 21 10 21
18 7 19 7
19 29 18 29
19 28 19 29
30 25 30 26
6 20 6 21
1 6 0 6
4 6 5 6
21 0 21 1
9 6 8 6
5 12 5 11
4 10 3 10
18 8 18 7
1 25 1 24
4 11 4 12
15 12 16 12
14 20 13 20
19 11 19 10
24 11 24 12
18 21 19 21
15 24 14 24
6 3 7 3
23 23 23 24
2 8 2 9
16 26 15 26
6 2 6 3
5 17 4 17
28 19 27 19
7 9 7 8
12 12 11 12
13 21 12 21
18 9 17 9
14 16 14 17
11 27 11 28
17 27 17 26
16 27 17 27
10 29 10 30
14 11 15 11
26 12 26 11
21 26 22 26
9 30 9 29
5 2 4 2
29 20 29 21
30 20 29 20
29 17 29 18
24 9 24 10
14 24 13 24
20 4 20 5
17 17 18 17
27 21 28 21
16 18 16 19
4 23 4 22
15 11 15 10
16 11 15 11
30 1 30 0
12 29 13 29
26 21 25 21
4 15 4 14
18 2 17 2
8 28 9 28
8 27 8 28
14 14 14 13
14 21 14 22
9 8 9 7
10 8 9 8
10 7 10 8
22 1 22 0
23 21 23 22
20 5 20 6
9 4 9 3
7 27 7 26
24 20 25 20
16 4 17 4
7 21 8 21
28 29 29 29
21 19 20 19
8 12 7 12
16 7 15 7
28 11 28 12
26 19 25 19
12 27 12 26
28 21 28 20
10 14 10 13
5 30 5 29
21 5 22 5
19 2 20 2
9 3 9 2
23 7 22 7
29 21 28 21
12 15 11 15
24 25 24 26
22 5 22 4
23 3 23 2
8 3 8 2
8 14 8 15
17 16 17 17
17 30 18 30
8 2 7 2
22 7 22 6
22 8 22 7
12 1 11 1
14 13 13 13
17 24 17 25
4 24 4 23
22 20 23 20
15 26 15 25
127
2 17 0 17
3 17 2 17
4 17 3 17
0 20 0 17
4 14 4 17
4 12 4 14
6 12 4 12
7 12 6 12
7 14 7 12
4 8 4 12
7 8 4 8
7 7 7 8
9 8 7 8
9 7 9 8
9 9 9 8
9 10 9 9
10 10 9 10
12 7 9 7
15 7 12 7
15 8 15 7
15 10 15 8
15 11 15 10
18 7 15 7
18 5 18 7
19 5 18 5
18 10 18 7
19 10 18 10
19 12 19 10
19 14 19 12
18 14 19 14
21 14 19 14
7 3 7 7
7 2 7 3
9 2 7 2
4 2 7 2
0 2 4 2
24 10 19 10
24 12 24 10
28 12 24 12
28 14 28 12
28 16 28 14
29 16 28 16
29 18 29 16
29 20 29 18
28 20 29 20
28 21 28 20
26 20 28 20
28 23 28 21
27 23 28 23
26 18 26 20
24 18 26 18
28 8 28 12
27 8 28 8
26 8 27 8
26 5 26 8
4 22 4 17
4 23 4 22
2 22 4 22
1 22 2 22
6 23 4 23
7 23 6 23
7 22 7 23
1 24 1 22
1 27 1 24
1 28 1 27
4 28 1 28
4 30 4 28
6 30 4 30
8 28 4 28
9 28 8 28
9 29 9 28
11 28 9 28
9 25 9 28
11 25 9 25
15 28 11 28
15 25 15 28
17 25 15 25
17 26 17 25
15 21 15 25
17 21 15 21
19 21 17 21
12 14 7 14
12 13 12 14
28 28 28 23
30 28 28 28
30 29 30 28
30 26 30 28
25 28 28 28
22 28 25 28
22 26 22 28
22 25 22 26
24 26 22 26
14 2 9 2
15 2 14 2
16 2 15 2
16 1 16 2
21 1 16 1
24 1 21 1
2 9 2 17
5 11 5 10
11 11 5 11
13 11 11 11
13 13 13 11
11 8 11 11
13 8 11 8
17 13 13 13
18 13 17 13
13 17 13 13
14 17 13 17
12 17 13 17
17 17 14 17
18 17 17 17
18 16 18 17
13 20 13 17
12 21 12 17
10 21 12 21
8 21 10 21
10 23 10 21
22 17 18 17
23 17 22 17
23 20 23 17
23 22 23 20
25 20 23 20
21 22 23 22
21 23 21 22
21 25 21 23
21 27 21 25
