252
1 27 0 27
25 3 25 2
11 25 11 26
0 4 1 4
6 4 6 5
14 3 13 3
19 3 19 2
20 3 19 3
19 7 20 7
5 14 5 13
1 1 1 2
12 19 13 19
19 3 19 4
15 8 15 7
14 7 14 8
18 7 19 7
24 11 24 12
28 18 29 18
28 17 28 18
29 13 29 14
12 3 12 2
19 1 18 1
19 0 19 1
10 28 11 28
13 3 12 3
8 18 8 19
24 3 25 3
30 0 30 1
22 10 23 10
24 12 25 12
13 4 14 4
12 3 12 4
17 5 16 5
17 4 17 5
1 31 1 30
3 7 3 6
1 14 1 15
0 15 0 14
9 27 10 27
14 27 15 27
2 6 2 7
2 7 3 7
1 5 1 6
0 5 1 5
3 2 2 2
14 31 13 31
21 4 22 4
5 2 5 3
10 30 10 31
9 30 10 30
29 3 29 2
24 4 23 4
1 6 1 7
29 2 28 2
28 9 29 9
28 12 27 12
27 12 26 12
27 13 27 12
28 13 27 13
29 12 28 12
25 1 26 1
1 4 1 3
26 1 27 1
23 11 22 11
18 8 18 9
17 8 18 8
21 1 21 0
21 2 21 1
17 26 17 25
26 2 26 1
25 2 26 2
26 1 25 1
17 1 16 1
30 3 29 3
9 31 9 30
10 31 9 31
10 30 10 31
19 7 19 6
22 11 22 12
25 8 25 9
27 25 28 25
24 10 24 11
28 30 27 30
18 9 17 9
7 19 7 18
12 2 11 2
11 3 12 3
25 5 25 6
26 5 25 5
26 4 26 5
25 5 25 4
12 0 12 1
1 25 2 25
28 25 28 26
16 12 15 12
30 29 31 29
5 11 5 12
14 28 14 27
12 22 13 22
18 22 17 22
2 10 1 10
10 12 10 11
31 22 30 22
6 6 6 7
13 31 13 30
0 14 1 14
13 17 14 17
13 16 13 17
11 16 10 16
10 13 10 12
6 13 7 13
5 12 6 12
10 20 10 21
21 28 21 27
13 22 13 21
8 19 7 19
4 29 3 29
30 6 31 6
26 5 27 5
7 9 7 10
27 5 28 5
30 14 30 13
2 23 3 23
29 24 29 25
28 24 29 24
7 18 8 18
2 20 2 21
4 11 4 12
9 21 9 20
5 13 4 13
4 12 5 12
30 13 29 13
13 25 13 26
20 10 20 11
31 11 30 11
30 16 30 15
14 25 13 25
8 3 8 4
1 20 1 19
15 17 15 16
16 16 16 17
16 26 15 26
15 19 14 19
13 14 13 13
7 6 8 6
7 4 6 4
7 10 7 11
6 10 7 10
6 4 5 4
20 2 20 3
12 16 13 16
12 15 12 16
16 17 15 17
25 12 25 13
19 9 20 9
7 25 6 25
29 30 30 30
20 20 20 21
28 18 27 18
14 8 13 8
25 26 25 27
8 23 8 22
10 10 9 10
8 15 7 15
9 17 9 18
10 18 10 17
1 28 1 27
25 3 25 2
6 7 7 7
21 16 22 16
25 19 25 20
27 20 28 20
15 17 15 18
18 14 17 14
2 11 2 10
1 15 2 15
19 29 20 29
4 24 5 24
22 30 22 29
15 22 15 23
14 22 15 22
5 24 5 23
6 24 5 24
11 26 12 26
24 17 24 16
15 12 15 13
3 19 4 19
8 2 9 2
4 18 5 18
15 16 14 16
16 24 16 25
13 25 13 24
21 23 21 22
19 19 20 19
17 17 16 17
8 24 8 23
0 27 0 28
8 23 9 23
23 20 23 19
0 10 0 11
1 10 0 10
19 22 20 22
17 21 17 20
31 24 31 23
12 4 13 4
12 5 12 4
13 5 13 6
4 13 3 13
7 30 6 30
13 24 13 23
3 9 4 9
16 10 16 11
20 19 20 18
21 19 20 19
2 21 1 21
18 11 17 11
16 15 16 14
27 16 26 16
30 30 30 29
12 23 12 24
23 16 23 15
17 19 17 18
31 6 31 7
25 24 25 25
6 9 5 9
15 27 15 28
14 27 15 27
1 27 0 27
1 26 1 27
1 24 1 23
16 23 16 24
14 14 15 14
25 23 25 24
10 21 9 21
10 22 10 21
21 13 21 14
20 27 19 27
25 22 24 22
25 21 25 22
24 21 25 21
23 3 22 3
23 4 23 3
22 4 23 4
20 11 21 11
23 6 23 7
15 28 14 28
26 2 26 3
1 11 1 12
2 25 2 24
4 22 5 22
19 21 19 20
28 16 28 17
147
0 10 0 9
0 11 0 10
3 11 0 11
3 13 3 11
3 16 3 13
0 16 3 16
3 20 3 16
3 23 3 20
1 23 3 23
0 20 3 20
1 27 1 23
0 27 1 27
1 29 1 27
0 29 1 29
2 29 1 29
4 27 1 27
6 27 4 27
6 25 6 27
10 27 6 27
7 11 3 11
7 13 7 11
7 15 7 13
9 15 7 15
7 17 7 15
9 18 9 15
11 18 9 18
10 31 10 27
15 27 10 27
16 27 15 27
16 25 16 27
17 25 16 25
19 25 17 25
19 27 19 25
12 25 16 25
19 20 19 25
22 20 19 20
24 20 22 20
24 22 24 20
24 23 24 22
24 24 24 23
25 24 24 24
24 25 24 24
27 24 25 24
22 16 22 20
9 10 9 15
11 10 9 10
11 7 11 10
11 6 11 7
9 6 11 6
9 5 9 6
6 5 9 5
9 2 9 5
11 2 9 2
15 7 11 7
4 2 9 2
4 1 4 2
4 3 4 2
4 0 4 1
0 1 4 1
0 6 0 1
27 30 27 24
27 31 27 30
29 31 27 31
27 18 27 24
25 18 27 18
25 13 25 18
27 13 25 13
29 13 27 13
29 10 29 13
29 9 29 10
29 6 29 9
25 9 25 13
25 6 25 9
25 4 25 6
25 2 25 4
25 1 25 2
23 4 25 4
27 1 25 1
27 0 27 1
22 6 25 6
30 1 27 1
19 6 22 6
19 4 19 6
19 2 19 4
19 1 19 2
17 2 19 2
19 10 19 6
18 10 19 10
19 13 19 10
18 13 19 13
14 16 22 16
14 17 14 16
13 16 14 16
14 18 14 17
14 19 14 18
13 13 13 16
14 13 13 13
13 10 13 13
14 23 14 19
5 15 5 12
5 18 5 15
5 20 5 18
4 20 5 20
5 22 5 20
5 23 5 22
5 24 5 23
2 24 5 24
9 23 5 23
10 23 9 23
9 21 9 23
10 21 9 21
13 21 10 21
13 19 13 21
13 23 13 21
9 26 9 23
12 26 9 26
1 5 1 3
3 3 1 3
1 7 1 5
3 7 1 7
4 7 3 7
5 7 4 7
4 8 4 7
5 8 5 7
4 9 4 8
5 9 5 8
5 4 5 7
8 4 5 4
10 9 5 9
26 15 26 14
27 14 26 14
29 14 27 14
29 16 29 14
29 18 29 16
29 19 29 18
30 19 29 19
30 20 30 19
30 22 30 20
30 26 30 22
30 28 30 26
30 29 30 28
16 9 12 9
16 11 16 9
17 11 16 11
14 11 16 11
17 13 17 11
16 13 17 13
