380
14 28 14 27
28 18 27 18
1 5 2 5
8 28 7 28
23 19 23 18
5 4 4 4
5 5 5 4
4 5 5 5
4 4 4 5
11 22 12 22
9 28 8 28
28 21 27 21
2 29 3 29
14 29 14 28
23 20 23 19
12 29 12 28
18 28 18 27
3 28 4 28
8 9 8 8
18 14 19 14
18 15 18 14
28 23 28 22
27 23 28 23
27 15 28 15
27 16 27 15
28 16 27 16
16 13 15 13
25 20 25 19
14 10 15 10
20 24 20 25
20 29 20 28
19 29 20 29
19 28 19 29
9 16 9 15
6 10 6 9
5 10 6 10
8 8 8 7
8 18 8 19
20 28 20 27
22 29 22 28
21 29 22 29
19 6 20 6
19 7 19 6
20 7 19 7
4 25 5 25
10 14 10 15
9 15 9 14
6 6 7 6
22 0 22 1
18 23 18 24
7 1 7 2
2 6 2 7
3 6 2 6
3 7 3 6
17 15 16 15
20 26 21 26
15 8 15 7
0 11 1 11
6 20 7 20
23 5 22 5
3 30 3 31
2 30 3 30
2 23 2 24
27 14 26 14
16 1 16 0
15 9 15 8
17 28 18 28
18 27 17 27
6 16 5 16
29 17 29 16
27 24 27 23
2 2 3 2
4 9 3 9
21 11 20 11
25 10 26 10
12 2 13 2
12 1 12 2
28 26 27 26
5 28 5 29
19 7 19 8
20 8 20 7
28 14 27 14
22 1 23 1
23 1 23 2
21 3 22 3
5 21 5 20
6 21 5 21
27 7 26 7
23 26 22 26
1 27 2 27
6 9 7 9
20 7 21 7
20 6 20 7
6 3 6 2
5 2 5 3
26 10 27 10
25 15 25 16
22 5 22 6
29 16 28 16
21 14 22 14
21 13 21 14
21 12 21 13
28 1 28 0
9 1 8 1
29 30 29 31
30 19 29 19
5 27 4 27
30 22 30 23
13 15 14 15
25 19 24 19
20 5 20 6
24 9 25 9
2 16 2 17
3 16 2 16
3 17 3 16
22 28 21 28
6 29 6 28
5 29 6 29
3 18 3 17
0 24 1 24
21 18 20 18
20 11 20 10
6 29 6 30
5 30 5 29
22 30 23 30
6 12 5 12
6 11 6 12
28 22 29 22
10 1 10 0
5 20 4 20
29 21 30 21
25 4 24 4
24 29 24 28
5 12 4 12
5 11 5 12
21 28 21 29
24 18 25 18
21 27 21 28
30 4 31 4
4 20 4 21
29 3 30 3
23 18 24 18
30 17 29 17
30 23 31 23
4 15 4 14
21 30 21 31
1 15 2 15
27 27 28 27
29 18 30 18
29 19 29 18
5 14 5 13
12 18 12 17
13 18 12 18
9 2 9 1
2 15 2 14
17 13 17 12
4 21 3 21
3 22 4 22
29 29 29 28
16 16 17 16
22 29 22 30
13 12 14 12
20 29 20 28
9 1 10 1
15 13 14 13
14 12 15 12
17 16 17 17
18 16 17 16
18 17 18 16
15 30 14 30
20 16 20 17
16 5 17 5
20 15 19 15
22 18 23 18
22 19 22 18
23 19 22 19
18 24 17 24
16 29 16 28
5 23 5 22
24 17 24 16
25 3 24 3
11 30 11 29
16 6 16 7
1 23 0 23
21 20 21 19
19 20 19 19
30 18 30 17
29 18 30 18
29 17 29 18
19 15 18 15
19 14 19 15
18 14 19 14
2 19 2 18
1 19 2 19
1 6 1 5
2 6 1 6
2 5 2 6
26 1 25 1
19 8 18 8
13 2 14 2
27 4 28 4
8 22 9 22
24 11 23 11
21 26 21 27
22 18 21 18
9 21 9 20
18 18 17 18
12 2 12 3
13 3 13 2
7 17 8 17
7 16 7 17
28 17 29 17
23 4 23 3
24 4 23 4
24 3 24 4
13 11 12 11
16 19 15 19
28 4 29 4
18 10 17 10
26 26 26 25
20 31 20 30
31 10 30 10
14 16 13 16
4 30 5 30
5 31 4 31
10 15 10 16
10 31 9 31
20 25 20 26
16 8 16 9
9 22 10 22
7 23 8 23
3 30 4 30
12 15 12 16
13 16 13 15
24 26 24 27
9 0 9 1
13 24 13 23
28 7 27 7
17 18 16 18
9 24 9 25
22 25 21 25
21 10 21 11
6 19 6 20
7 20 7 19
26 29 27 29
10 13 10 12
8 10 8 11
7 10 8 10
24 6 24 7
21 11 21 12
22 11 21 11
8 6 9 6
29 12 29 11
8 0 9 0
8 1 8 0
6 10 6 11
11 24 10 24
20 17 19 17
19 16 20 16
15 11 14 11
14 4 14 5
22 12 23 12
20 13 19 13
20 12 20 13
19 12 20 12
16 20 16 21
15 19 15 20
22 9 23 9
11 21 11 22
12 21 11 21
12 22 12 21
23 18 23 19
24 18 23 18
24 19 24 18
24 7 23 7
25 9 25 8
5 5 6 5
5 3 4 3
3 17 4 17
27 28 28 28
31 26 31 25
24 10 24 9
7 11 7 10
23 22 23 21
6 25 6 26
9 6 9 5
27 21 27 22
12 25 12 24
11 25 12 25
8 23 8 22
13 6 14 6
14 18 13 18
14 19 14 18
13 19 14 19
2 20 2 21
13 13 13 14
8 22 8 21
28 16 28 17
7 15 7 16
11 31 10 31
12 17 11 17
16 24 16 23
2 8 1 8
24 28 23 28
17 27 16 27
21 13 22 13
25 18 25 19
15 10 15 11
2 7 1 7
4 3 4 4
28 23 28 24
27 23 28 23
27 22 27 23
23 17 22 17
12 23 11 23
12 24 12 23
12 23 12 22
29 7 29 8
16 12 16 13
24 24 23 24
6 18 5 18
6 17 6 18
3 16 3 17
27 16 26 16
14 24 14 25
11 7 11 6
28 8 28 9
29 8 28 8
19 27 19 28
21 21 21 22
20 21 21 21
20 22 20 21
22 21 22 22
23 21 23 20
27 6 27 5
7 2 8 2
21 14 21 15
22 14 23 14
22 15 22 14
23 15 22 15
16 22 17 22
25 24 24 24
25 23 25 24
30 7 30 8
31 7 30 7
31 8 31 7
4 16 3 16
14 11 14 10
4 17 4 16
30 8 31 8
30 7 30 8
31 7 30 7
31 8 31 7
30 8 31 8
15 29 14 29
15 28 15 29
14 28 15 28
30 7 30 8
31 7 30 7
31 8 31 7
30 8 31 8
30 7 30 8
31 7 30 7
31 8 31 7
30 8 31 8
30 7 30 8
31 7 30 7
31 8 31 7
30 8 31 8
30 7 30 8
31 7 30 7
31 8 31 7
30 8 31 8
30 7 30 8
31 7 30 7
31 8 31 7
30 8 31 8
30 7 30 8
31 7 30 7
31 8 31 7
119
5 12 4 12
6 12 5 12
4 14 4 12
7 14 4 14
9 14 7 14
11 14 9 14
11 13 11 14
12 14 11 14
11 11 11 13
12 11 11 11
11 8 11 11
12 8 11 8
11 6 11 8
12 6 11 6
14 8 12 8
15 8 14 8
14 6 12 6
18 8 15 8
15 11 12 11
7 6 11 6
7 5 7 6
5 6 7 6
9 18 9 14
7 18 9 18
7 19 7 18
5 19 7 19
12 18 9 18
22 8 18 8
22 6 22 8
25 8 22 8
25 6 25 8
22 3 22 6
25 13 25 8
24 13 25 13
22 13 24 13
24 15 24 13
27 15 24 15
28 15 27 15
28 17 28 15
28 19 28 17
26 19 28 19
26 20 26 19
26 21 26 20
28 12 28 15
30 12 28 12
30 13 30 12
23 20 26 20
22 20 23 20
23 19 23 20
28 9 28 12
30 9 28 9
31 19 28 19
23 24 23 20
23 27 23 24
23 28 23 27
21 28 23 28
20 28 21 28
25 28 23 28
26 28 25 28
25 30 25 28
17 20 22 20
15 20 17 20
15 22 15 20
15 23 15 22
15 24 15 23
17 24 15 24
18 13 18 8
16 13 18 13
18 15 18 13
16 15 16 13
11 1 11 6
10 1 11 1
13 1 11 1
30 30 25 30
31 30 30 30
18 1 13 1
31 25 31 30
31 23 31 25
29 23 31 23
25 1 25 6
2 6 2 4
3 6 2 6
4 4 2 4
5 4 4 4
2 9 2 6
2 10 2 9
3 9 2 9
0 10 2 10
5 1 5 4
4 1 5 1
9 4 5 4
9 1 9 4
7 9 3 9
7 8 7 9
7 10 7 9
0 15 0 10
0 20 0 15
6 15 0 15
6 18 6 15
6 20 0 20
6 26 6 20
8 26 6 26
8 28 8 26
8 29 8 28
11 26 8 26
11 27 11 26
11 29 11 27
14 27 11 27
16 27 14 27
14 29 14 27
14 25 14 27
13 25 14 25
14 23 14 25
13 23 14 23
11 23 13 23
11 22 11 23
3 26 6 26
3 29 3 26
3 23 3 26
