87
21 10 22 10
13 18 12 18
16 6 17 6
9 14 9 13
6 19 5 19
20 23 20 22
22 10 22 11
16 11 16 12
9 23 9 22
1 24 0 24
1 2 1 3
1 12 0 12
1 15 0 15
1 18 0 18
15 1 15 2
2 23 2 24
17 18 18 18
21 19 21 20
15 17 15 18
9 5 9 4
22 3 22 4
5 25 5 24
9 13 8 13
10 8 9 8
21 15 21 16
19 3 19 4
18 3 19 3
4 15 3 15
5 9 6 9
22 15 21 15
5 19 5 20
5 2 6 2
20 15 20 16
19 16 19 15
23 5 22 5
2 17 3 17
7 10 6 10
12 18 12 17
11 18 12 18
10 16 10 15
19 10 20 10
9 12 10 12
13 23 13 24
25 9 24 9
17 9 17 8
20 5 20 4
12 25 12 24
20 19 21 19
13 0 13 1
4 1 3 1
13 4 13 3
17 2 18 2
21 7 21 6
8 2 8 1
0 15 0 14
24 17 24 16
7 13 6 13
17 17 17 16
2 8 2 9
2 4 2 3
0 10 1 10
16 17 17 17
8 16 8 15
23 17 23 18
22 23 23 23
21 20 20 20
22 13 21 13
4 8 5 8
11 6 12 6
8 6 9 6
15 10 15 11
16 10 16 11
0 2 1 2
3 24 3 25
21 11 21 10
20 11 21 11
19 7 20 7
17 6 17 7
19 12 19 13
21 13 21 14
16 14 15 14
20 10 20 11
18 5 18 6
0 17 0 16
5 17 5 16
20 9 19 9
20 11 19 11
112
2 0 1 0
1 2 1 0
2 2 1 2
4 2 2 2
4 4 4 2
6 2 4 2
4 6 4 4
5 6 4 6
6 6 5 6
7 6 6 6
6 0 6 2
9 6 7 6
5 8 5 6
9 4 9 6
3 8 5 8
9 8 9 6
12 6 9 6
12 4 12 6
12 9 12 6
11 9 12 9
12 11 12 9
14 9 12 9
15 9 14 9
12 13 12 11
12 14 12 13
15 11 15 9
16 11 15 11
19 11 16 11
21 11 19 11
21 10 21 11
21 9 21 10
19 9 19 11
23 10 21 10
19 13 19 11
25 10 23 10
17 13 19 13
17 14 17 13
15 14 17 14
17 16 17 14
17 17 17 16
21 6 21 9
21 5 21 6
19 6 21 6
18 6 19 6
23 6 21 6
21 3 21 5
12 17 12 14
14 17 12 17
14 16 14 17
20 16 17 16
21 16 20 16
21 15 21 16
21 14 21 15
21 18 21 16
21 19 21 18
23 16 21 16
23 14 21 14
23 18 23 16
25 18 23 18
25 17 25 18
25 19 25 18
21 0 21 3
18 0 21 0
18 1 18 0
18 2 18 1
16 2 18 2
15 2 16 2
15 0 15 2
25 3 21 3
25 0 25 3
21 23 21 19
19 23 21 23
23 23 21 23
19 25 19 23
18 25 19 25
17 25 18 25
15 25 17 25
15 23 15 25
7 14 12 14
7 12 7 14
25 25 19 25
0 14 7 14
0 12 0 14
0 11 0 12
0 16 0 14
0 18 0 16
5 16 0 16
5 18 5 16
5 20 5 18
5 22 5 20
2 20 5 20
2 21 2 20
2 24 2 21
2 25 2 24
3 25 2 25
0 24 2 24
0 25 0 24
9 22 5 22
12 22 9 22
10 23 3 23
10 24 10 23
12 23 10 23
12 24 12 23
13 24 12 24
13 22 13 24
13 21 13 22
13 19 13 21
11 19 13 19
10 19 11 19
16 22 13 22
18 22 16 22
20 22 18 22
