179
17 5 16 5
24 15 24 16
5 28 6 28
34 35 33 35
25 35 25 34
35 15 34 15
35 24 34 24
35 27 34 27
7 14 7 13
2 23 3 23
17 4 18 4
25 23 24 23
15 35 15 34
12 30 11 30
29 8 28 8
32 2 32 1
19 0 20 0
1 35 2 35
32 16 31 16
32 15 32 16
11 1 10 1
19 16 19 15
2 3 3 3
4 17 4 18
18 1 18 2
24 34 24 35
34 2 35 2
28 24 27 24
10 29 10 28
6 35 5 35
27 21 27 22
25 20 25 21
27 20 27 21
28 16 28 15
2 29 2 28
3 29 2 29
6 13 6 14
18 4 18 3
10 28 11 28
11 29 10 29
18 30 18 31
21 14 21 13
34 5 34 4
32 5 32 4
32 23 32 22
13 20 14 20
20 7 20 8
27 3 27 4
4 19 4 20
9 8 8 8
24 23 24 22
29 1 29 2
28 26 28 27
6 22 5 22
7 16 6 16
30 12 30 11
12 20 13 20
7 22 8 22
4 28 4 27
7 24 8 24
11 25 11 24
18 0 19 0
22 23 23 23
26 17 26 16
33 15 32 15
15 2 16 2
26 16 25 16
29 20 30 20
30 8 29 8
31 2 30 2
5 24 6 24
30 13 29 13
15 11 15 12
9 4 8 4
20 4 21 4
23 10 23 9
21 4 21 5
12 17 13 17
3 4 2 4
30 35 31 35
19 31 19 32
16 19 16 20
3 13 4 13
16 22 17 22
4 6 3 6
4 5 4 6
4 4 3 4
16 20 17 20
25 13 26 13
30 10 30 9
8 16 8 15
19 26 18 26
13 14 13 15
10 30 10 31
4 20 5 20
25 10 26 10
17 26 17 27
4 23 5 23
34 26 34 25
9 28 9 29
31 15 30 15
15 22 14 22
24 10 23 10
14 1 14 0
23 15 24 15
26 23 25 23
16 5 16 6
11 17 10 17
0 27 1 27
28 15 27 15
18 3 19 3
16 13 17 13
35 5 34 5
18 5 19 5
22 31 22 30
10 34 10 35
27 19 28 19
12 33 12 32
16 6 16 7
12 21 11 21
13 30 12 30
11 2 12 2
11 24 11 23
3 5 2 5
20 13 20 14
4 27 3 27
22 1 22 2
29 31 30 31
22 28 22 27
0 13 1 13
4 7 3 7
20 31 20 32
2 35 2 34
10 17 9 17
21 17 20 17
13 10 14 10
27 29 27 28
17 27 17 28
2 29 2 30
26 7 27 7
7 1 7 0
32 29 33 29
20 20 20 21
32 18 32 19
30 20 30 21
7 13 7 12
3 8 3 9
18 17 18 16
8 8 8 9
10 1 10 2
31 24 31 23
0 0 1 0
15 27 15 26
4 31 3 31
22 2 22 3
4 33 5 33
13 17 13 16
34 32 34 31
14 8 14 9
22 7 22 6
10 16 9 16
25 34 26 34
20 9 20 10
13 25 13 26
15 8 14 8
14 20 14 19
20 19 20 20
4 6 4 7
17 9 17 10
17 22 17 23
21 19 20 19
14 10 14 11
8 14 8 13
17 10 17 11
15 1 14 1
20 10 20 11
20 25 21 25
22 10 22 9
33 35 33 34
120
4 18 0 18
4 16 4 18
6 16 4 16
6 14 6 16
11 14 6 14
11 11 11 14
12 11 11 11
14 11 12 11
14 9 14 11
14 8 14 9
17 11 14 11
17 13 17 11
17 14 17 13
20 11 17 11
22 11 20 11
22 9 22 11
20 14 17 14
20 15 20 14
20 17 20 15
20 19 20 17
20 20 20 19
21 20 20 20
17 20 20 20
17 23 17 20
19 23 17 23
19 22 19 23
19 25 19 23
21 25 19 25
22 6 22 9
22 4 22 6
24 6 22 6
26 6 24 6
21 28 21 25
14 4 14 8
14 1 14 4
17 28 21 28
15 28 17 28
15 26 15 28
13 26 15 26
11 26 13 26
11 28 11 26
11 30 11 28
11 31 11 30
11 23 11 26
10 23 11 23
11 21 11 23
24 15 20 15
24 14 24 15
27 15 24 15
27 17 27 15
27 13 27 15
30 15 27 15
32 15 30 15
30 11 30 15
27 4 22 4
27 1 27 4
30 1 27 1
32 1 30 1
32 4 32 1
34 4 32 4
35 4 34 4
32 6 32 4
32 7 32 6
26 20 21 20
26 22 26 20
27 22 26 22
27 24 27 22
27 28 27 24
26 28 27 28
6 28 11 28
6 24 6 28
8 24 6 24
2 28 6 28
0 28 2 28
2 30 2 28
0 26 0 28
2 34 2 30
4 34 2 34
6 34 4 34
32 28 27 28
33 28 32 28
33 29 33 28
35 11 30 11
33 34 33 29
8 9 14 9
8 7 8 9
8 4 8 7
4 7 8 7
3 7 4 7
3 6 3 7
3 9 3 7
3 4 3 6
3 3 3 4
3 1 3 3
26 34 26 28
19 34 26 34
18 34 19 34
18 31 18 34
35 32 35 11
32 16 31 16
32 19 32 16
30 19 32 19
30 21 30 19
30 22 30 21
28 21 30 21
32 22 30 22
28 19 28 21
25 19 28 19
25 16 25 19
24 16 25 16
23 16 24 16
28 27 28 21
32 27 28 27
34 27 32 27
34 25 34 27
34 24 34 25
34 31 34 27
8 17 8 15
13 15 8 15
13 13 13 15
