343
2 12 2 13
2 11 2 10
2 5 3 5
14 14 14 13
2 1 1 1
15 9 14 9
2 7 3 7
5 22 6 22
15 10 14 10
20 6 19 6
2 10 3 10
28 33 28 34
34 17 33 17
1 27 1 26
13 29 12 29
13 28 13 29
17 8 17 7
16 8 17 8
9 35 8 35
33 17 32 17
19 7 20 7
28 4 28 5
28 5 28 6
2 27 1 27
30 31 30 32
8 1 7 1
8 2 8 1
16 3 17 3
28 34 27 34
32 34 33 34
8 6 7 6
29 35 28 35
29 34 29 35
30 34 30 35
34 23 33 23
4 26 3 26
33 28 33 29
32 32 31 32
32 11 32 10
33 31 32 31
6 5 6 4
12 5 12 4
11 8 11 7
33 32 33 31
34 32 33 32
9 19 10 19
9 20 9 19
10 20 9 20
7 28 7 29
8 29 8 28
15 30 15 31
35 2 34 2
16 30 16 29
17 31 16 31
17 30 17 31
35 1 35 2
34 1 35 1
34 2 34 1
32 22 32 21
33 22 32 22
11 5 12 5
12 9 12 10
5 5 6 5
32 22 31 22
32 21 32 22
4 5 4 4
12 5 13 5
12 4 12 5
3 5 3 6
13 5 14 5
3 34 3 33
5 10 5 9
4 20 4 21
6 5 7 5
4 10 4 9
25 3 25 4
4 21 4 22
24 4 24 5
25 4 24 4
16 4 16 5
0 25 0 24
21 0 21 1
17 3 17 4
19 9 18 9
5 0 5 1
4 2 3 2
5 2 4 2
5 1 5 2
4 1 5 1
30 3 31 3
27 26 26 26
19 6 19 7
30 32 30 33
26 32 27 32
2 34 3 34
3 34 4 34
31 6 30 6
25 14 25 15
18 7 18 8
21 1 20 1
26 6 26 5
7 20 8 20
14 10 13 10
20 31 20 30
19 31 20 31
15 25 16 25
21 5 21 6
13 10 13 11
12 10 13 10
13 11 12 11
21 33 22 33
8 17 8 18
27 1 27 0
20 31 21 31
24 25 24 24
16 32 15 32
28 7 27 7
3 20 2 20
24 24 23 24
17 15 18 15
7 14 7 13
19 17 19 18
27 22 28 22
16 12 17 12
7 19 6 19
11 24 11 23
25 34 25 33
7 3 7 2
8 18 7 18
32 30 32 29
33 11 32 11
33 12 33 11
25 29 24 29
24 28 25 28
22 28 22 27
15 15 14 15
16 13 16 14
15 13 16 13
1 20 1 21
32 29 31 29
31 26 31 25
32 26 31 26
0 22 0 21
9 15 9 14
9 14 8 14
25 21 26 21
5 16 4 16
4 17 5 17
12 27 13 27
12 28 13 28
12 29 12 28
13 29 12 29
10 27 9 27
12 28 12 27
26 23 26 22
26 21 27 21
27 21 27 22
12 29 12 28
28 17 27 17
33 27 32 27
32 28 33 28
34 27 33 27
13 21 12 21
19 3 18 3
6 17 6 18
5 17 5 16
6 16 6 17
18 18 18 19
24 32 24 33
33 27 33 26
6 17 5 17
5 14 6 14
10 12 11 12
22 33 22 32
12 20 12 19
13 19 13 20
16 23 16 22
33 4 34 4
7 25 7 24
10 21 11 21
8 25 9 25
3 29 4 29
11 23 10 23
26 5 26 4
26 4 27 4
24 4 23 4
24 5 24 4
0 16 1 16
8 12 8 11
28 8 28 7
21 3 22 3
32 23 31 23
26 11 26 10
17 0 18 0
17 1 17 0
1 16 1 15
7 22 8 22
7 23 7 22
26 12 26 11
27 12 26 12
26 30 25 30
26 29 26 30
1 1 0 1
32 16 33 16
30 30 30 29
22 32 23 32
27 8 26 8
29 1 30 1
28 9 27 9
30 28 29 28
30 27 30 28
31 1 31 2
10 24 11 24
20 3 20 2
23 13 23 14
34 16 34 15
33 16 34 16
14 23 15 23
24 17 23 17
22 15 21 15
16 25 16 26
0 30 1 30
19 13 19 12
22 29 21 29
18 22 18 23
17 28 16 28
17 21 16 21
17 22 17 21
16 22 17 22
0 13 0 12
16 21 16 22
17 21 16 21
17 22 17 21
31 19 31 20
16 14 16 15
23 21 22 21
10 9 9 9
24 27 24 26
31 14 31 15
32 17 32 18
8 9 8 8
1 31 2 31
1 30 1 31
3 32 3 31
28 15 28 14
33 14 33 13
34 14 33 14
3 31 3 30
1 28 0 28
7 22 7 21
7 21 7 20
29 5 28 5
34 31 35 31
8 35 8 34
18 19 18 20
15 21 15 22
7 8 6 8
8 16 8 15
29 12 29 11
27 25 28 25
26 9 25 9
23 19 23 20
26 8 25 8
17 19 18 19
29 17 30 17
31 22 30 22
13 1 14 1
2 17 2 18
6 26 6 27
30 19 30 20
29 19 30 19
22 11 21 11
14 12 15 12
8 33 7 33
22 22 23 22
29 16 30 16
29 21 29 22
25 11 25 12
13 8 12 8
13 13 13 12
21 6 20 6
16 2 16 3
7 9 8 9
27 9 27 10
30 17 31 17
28 6 29 6
7 13 8 13
26 19 26 18
28 13 27 13
7 29 6 29
23 10 22 10
23 9 23 10
23 8 24 8
26 18 25 18
22 23 22 22
21 23 22 23
23 30 22 30
19 32 19 33
22 6 22 7
23 6 22 6
12 24 12 25
7 24 8 24
19 18 18 18
21 31 21 32
18 33 18 32
22 8 23 8
28 22 28 21
15 11 15 10
27 3 28 3
7 15 7 16
1 29 2 29
18 32 18 31
13 27 13 26
1 13 0 13
0 14 1 14
31 15 30 15
30 16 31 16
31 12 30 12
20 27 19 27
20 30 19 30
17 34 17 35
16 34 17 34
24 3 23 3
19 16 18 16
4 22 4 23
21 24 22 24
29 13 29 12
28 12 28 13
22 21 22 20
8 20 8 19
16 33 16 34
25 13 24 13
27 31 27 30
25 17 24 17
25 18 25 17
24 18 25 18
25 18 26 18
24 16 25 16
24 15 24 16
25 15 24 15
17 35 16 35
17 34 17 35
16 34 17 34
156
2 13 0 13
5 13 2 13
8 13 5 13
9 13 8 13
9 12 9 13
9 9 9 12
0 17 0 13
3 17 0 17
5 17 3 17
5 19 5 17
13 9 9 9
14 9 13 9
14 5 14 9
16 5 14 5
16 3 16 5
16 1 16 3
14 1 16 1
19 5 16 5
19 7 19 5
17 7 19 7
19 12 19 7
17 12 19 12
17 11 17 12
17 17 17 12
16 17 17 17
17 21 17 17
16 21 17 21
21 21 17 21
12 21 16 21
12 19 12 21
12 25 12 21
10 25 12 25
3 22 3 17
3 26 3 22
1 26 3 26
1 24 1 26
0 24 1 24
5 24 5 19
8 24 5 24
8 22 8 24
8 28 8 24
8 32 8 28
8 34 8 32
10 34 8 34
21 15 21 21
17 27 17 21
19 27 17 27
19 25 19 27
14 27 17 27
19 30 19 27
22 27 19 27
19 33 19 30
19 34 19 33
20 33 19 33
20 34 19 34
17 33 19 33
17 34 17 33
17 35 17 34
22 30 19 30
24 30 22 30
25 25 19 25
25 23 25 25
28 25 25 25
28 27 28 25
27 27 28 27
28 21 28 25
28 19 28 21
30 19 28 19
32 27 28 27
30 15 30 19
30 12 30 15
34 15 30 15
34 16 34 15
34 19 34 16
34 20 34 19
34 21 34 20
35 20 34 20
35 21 34 21
30 8 30 12
32 31 32 27
32 33 32 31
28 31 32 31
28 35 28 31
25 8 30 8
25 9 25 8
25 12 25 9
25 2 25 8
24 2 25 2
25 0 25 2
27 0 25 0
34 0 27 0
19 19 19 12
12 30 19 30
2 0 2 13
13 10 10 10
13 12 13 10
15 10 13 10
15 12 13 12
17 10 15 10
13 14 13 12
17 8 17 10
13 16 13 14
15 16 13 16
13 20 13 16
7 16 13 16
7 18 7 16
5 16 7 16
5 15 5 16
7 20 7 18
9 20 7 20
11 20 9 20
11 18 7 18
9 24 9 20
18 3 18 0
18 4 18 3
21 4 18 4
23 4 21 4
23 3 23 4
24 4 23 4
23 1 23 3
23 0 23 1
23 8 23 4
24 8 23 8
21 8 23 8
20 8 21 8
20 11 20 8
2 31 1 31
2 32 2 31
2 33 2 32
3 33 2 33
2 29 2 31
5 32 2 32
7 32 5 32
7 33 7 32
7 35 7 33
10 35 7 35
11 35 10 35
7 1 7 0
8 1 7 1
8 3 8 1
8 4 8 3
6 4 8 4
10 4 8 4
13 4 10 4
13 6 13 4
13 7 13 6
12 7 13 7
12 8 12 7
27 30 26 30
28 30 27 30
27 32 27 30
28 28 28 30
29 28 28 28
30 28 29 28
25 32 27 32
23 32 25 32
