94
4 13 3 13
0 28 0 27
0 29 0 28
17 1 17 2
1 10 0 10
7 11 7 10
19 3 19 2
3 29 4 29
7 12 7 11
24 29 24 28
27 14 28 14
2 25 1 25
13 20 13 21
7 20 7 21
17 0 17 1
25 22 25 21
29 5 29 4
9 26 9 25
10 27 11 27
23 18 23 19
21 28 21 27
16 23 17 23
17 2 18 2
29 20 28 20
23 11 23 12
7 26 6 26
23 26 23 27
26 14 26 15
23 22 23 21
29 4 28 4
14 26 15 26
14 7 13 7
8 14 9 14
8 1 9 1
13 19 13 20
12 4 11 4
12 10 11 10
22 21 22 20
23 21 22 21
29 12 28 12
25 21 26 21
9 11 10 11
7 14 6 14
28 19 28 18
9 3 9 4
23 4 23 3
17 19 16 19
22 24 23 24
15 22 14 22
8 13 8 14
7 0 8 0
5 17 4 17
19 8 19 9
13 7 13 6
7 7 6 7
26 19 25 19
11 1 10 1
20 21 20 20
26 15 27 15
27 7 27 6
18 23 18 22
23 17 23 18
0 17 1 17
28 27 27 27
23 10 24 10
13 8 12 8
11 18 12 18
3 13 3 14
9 7 9 6
8 21 8 20
19 12 19 13
22 13 22 12
16 25 16 24
28 17 27 17
9 14 10 14
27 4 26 4
11 27 12 27
0 16 1 16
13 17 13 18
28 10 29 10
0 6 0 7
8 11 9 11
23 18 22 18
19 2 20 2
8 19 8 18
7 11 8 11
26 21 26 20
19 18 20 18
3 4 2 4
8 20 9 20
6 27 7 27
7 27 7 28
14 22 14 23
23 8 22 8
105
2 1 2 0
2 4 2 1
0 4 2 4
0 7 0 4
0 10 0 7
0 11 0 10
3 7 0 7
3 11 0 11
3 14 3 11
6 14 3 14
8 14 6 14
8 11 8 14
9 11 8 11
8 18 8 14
6 18 8 18
3 18 6 18
9 6 9 11
7 6 9 6
11 6 9 6
9 4 9 6
11 4 11 6
13 6 11 6
13 5 13 6
9 2 9 4
9 1 9 2
11 2 11 4
11 10 11 6
17 10 11 10
20 6 13 6
20 8 20 6
22 8 20 8
18 8 20 8
16 8 18 8
26 8 22 8
26 7 26 8
28 8 26 8
26 4 26 7
24 4 26 4
28 4 26 4
28 11 28 8
28 12 28 11
28 14 28 12
22 12 22 8
23 12 22 12
28 18 28 14
28 20 28 18
26 18 28 18
26 20 28 20
22 18 26 18
20 18 22 18
22 20 22 18
22 21 22 20
20 16 20 18
20 20 20 18
20 14 20 16
17 20 20 20
15 20 17 20
14 20 15 20
13 20 14 20
13 18 13 20
12 18 13 18
12 16 12 18
17 23 17 20
14 23 14 20
14 25 14 23
12 23 14 23
12 22 12 23
14 28 14 25
12 28 14 28
11 28 12 28
12 27 12 28
7 28 11 28
7 29 7 28
20 2 20 6
22 2 20 2
18 2 20 2
18 0 18 2
9 20 13 20
14 0 18 0
7 23 12 23
22 26 22 21
21 26 22 26
20 26 21 26
19 26 20 26
20 28 20 26
24 28 20 28
26 28 24 28
9 25 14 25
15 14 20 14
16 12 22 12
17 29 17 23
18 29 17 29
0 28 7 28
29 26 22 26
29 25 29 26
3 26 3 18
0 20 0 11
23 2 23 0
23 3 23 2
27 0 23 0
29 3 23 3
29 6 29 3
29 7 29 6
29 8 29 7
27 6 29 6
