174
1 0 0 0
11 2 11 1
33 29 33 28
29 29 29 30
20 13 21 13
38 2 37 2
24 34 23 34
29 36 30 36
3 2 3 1
3 17 3 16
14 24 15 24
32 10 31 10
25 32 25 31
15 28 15 27
33 28 34 28
23 26 23 27
33 30 34 30
29 9 29 10
21 8 21 9
12 15 13 15
31 33 30 33
4 5 5 5
8 13 8 12
33 1 33 2
32 1 32 2
34 12 33 12
27 3 27 2
0 6 0 5
6 32 7 32
7 31 7 30
0 7 0 6
27 30 27 29
3 29 4 29
8 0 7 0
5 20 5 21
9 19 9 18
36 22 36 21
11 11 10 11
21 1 21 0
22 23 22 24
38 36 37 36
13 30 13 29
37 30 37 29
13 6 14 6
19 22 19 21
4 9 5 9
16 11 17 11
6 6 6 5
10 6 11 6
19 24 18 24
28 2 28 1
28 6 28 7
10 30 11 30
38 34 38 35
3 36 2 36
28 7 29 7
29 13 28 13
38 11 37 11
26 23 25 23
0 31 1 31
0 21 1 21
35 24 35 23
30 13 29 13
14 8 15 8
7 33 8 33
32 20 32 19
1 17 1 18
30 27 29 27
35 37 34 37
7 32 7 33
1 16 1 17
20 29 20 28
27 12 26 12
11 3 12 3
21 21 21 20
30 3 29 3
19 38 18 38
28 15 29 15
1 15 0 15
19 11 19 10
4 19 3 19
5 11 4 11
24 1 23 1
2 36 2 37
12 24 12 25
9 17 10 17
2 35 2 36
36 7 37 7
15 5 15 6
25 34 25 35
27 6 27 7
9 11 8 11
13 4 12 4
28 5 28 6
21 28 22 28
15 35 15 36
27 2 26 2
14 27 13 27
7 15 6 15
3 16 4 16
27 27 27 28
36 21 35 21
18 21 18 20
7 33 7 34
13 15 13 14
4 29 5 29
13 33 12 33
31 15 30 15
20 8 19 8
25 0 24 0
8 12 7 12
26 32 27 32
37 4 37 3
5 5 5 4
20 6 21 6
5 21 6 21
4 38 4 37
23 19 24 19
19 21 20 21
20 30 19 30
26 11 26 10
8 26 8 25
21 12 20 12
23 29 23 28
20 0 20 1
6 15 6 16
15 36 14 36
38 29 38 28
13 8 12 8
10 26 10 25
12 14 12 15
24 36 24 35
30 36 30 37
15 15 16 15
33 20 33 21
2 28 3 28
26 12 26 11
33 33 33 32
15 27 14 27
30 31 30 32
17 16 17 17
11 21 11 22
0 15 0 16
15 0 14 0
16 26 16 27
20 18 20 17
16 0 16 1
15 26 14 26
34 32 34 33
28 24 29 24
30 10 30 11
29 3 29 2
15 10 16 10
14 0 14 1
15 8 16 8
14 22 14 21
17 33 17 32
19 32 20 32
15 12 16 12
14 6 14 5
3 27 2 27
29 4 29 3
8 33 8 32
12 33 12 32
14 21 14 20
28 20 28 21
17 18 16 18
20 12 20 11
31 21 30 21
16 23 17 23
25 20 26 20
11 6 12 6
11 12 12 12
10 16 11 16
125
0 1 0 0
3 1 0 1
0 5 0 1
6 5 0 5
8 5 6 5
14 5 8 5
14 1 14 5
16 1 14 1
17 1 16 1
11 1 14 1
20 1 17 1
23 1 20 1
20 5 20 1
20 9 20 5
21 9 20 9
20 11 20 9
17 11 20 11
28 1 23 1
28 3 28 1
17 17 17 11
20 17 17 17
20 20 20 17
20 21 20 20
18 20 20 20
14 20 18 20
25 21 20 21
25 23 25 21
28 21 25 21
30 21 28 21
33 21 30 21
33 23 33 21
35 21 33 21
35 23 33 23
33 17 33 21
30 17 33 17
33 27 33 23
33 32 33 27
30 32 33 32
29 32 30 32
27 32 29 32
30 29 30 32
30 28 30 29
27 29 27 32
27 28 27 29
23 28 27 28
22 28 23 28
20 28 22 28
22 25 22 28
20 32 20 28
17 32 20 32
14 25 14 20
14 26 14 25
12 25 14 25
10 25 12 25
8 25 10 25
4 25 8 25
38 17 33 17
4 20 4 25
4 16 4 20
6 16 4 16
8 16 6 16
11 16 8 16
0 16 4 16
12 32 17 32
10 32 12 32
8 32 10 32
12 35 12 32
8 11 8 16
4 11 8 11
4 10 4 11
2 11 4 11
2 8 2 11
0 8 2 8
38 27 33 27
33 12 33 17
23 34 23 28
23 36 23 34
8 38 8 32
6 38 8 38
3 38 6 38
3 35 3 38
29 38 29 32
30 38 29 38
3 28 3 35
0 28 3 28
0 30 0 28
0 32 0 30
28 13 28 21
23 13 28 13
28 6 28 13
17 23 25 23
38 6 28 6
38 0 38 6
12 6 2 6
12 8 12 6
12 12 12 8
12 15 12 12
16 12 12 12
16 10 16 12
16 8 16 10
16 6 16 8
16 4 16 6
19 10 16 10
16 15 16 12
16 16 16 15
16 18 16 16
19 18 16 18
12 22 12 15
13 22 12 22
11 22 12 22
3 18 1 18
3 19 3 18
0 19 3 19
0 24 0 19
2 24 0 24
2 22 2 24
2 26 2 24
2 27 2 26
11 27 2 27
13 27 11 27
14 27 13 27
16 27 14 27
11 30 11 27
7 30 11 30
7 34 7 30
