298
1 24 0 24
15 1 16 1
10 4 10 3
11 4 10 4
12 14 11 14
12 32 13 32
13 33 12 33
10 24 10 23
3 33 2 33
0 2 1 2
24 5 25 5
27 34 28 34
3 6 3 5
9 24 10 24
4 34 4 33
3 34 4 34
22 1 22 0
26 1 27 1
26 0 26 1
13 27 13 28
34 4 34 5
11 15 12 15
22 33 22 34
13 32 13 33
14 4 14 3
24 3 23 3
11 14 11 15
10 15 10 14
8 4 8 5
8 5 7 5
9 0 8 0
18 26 17 26
30 9 29 9
18 31 18 32
22 10 23 10
3 13 3 12
2 13 3 13
2 12 2 13
26 15 26 16
18 18 18 17
7 17 6 17
14 11 14 12
13 11 13 10
4 26 4 25
13 10 14 10
16 28 16 27
14 12 13 12
31 8 31 9
3 1 2 1
33 9 33 8
9 33 8 33
28 7 28 8
7 15 6 15
30 7 30 8
8 15 7 15
5 27 6 27
31 6 31 7
33 8 34 8
28 18 28 17
20 27 20 28
32 7 33 7
20 26 20 27
2 6 3 6
30 33 29 33
2 15 2 16
31 13 30 13
32 11 32 12
12 29 12 30
23 31 23 32
31 11 32 11
32 11 33 11
11 2 11 3
27 1 28 1
28 1 29 1
32 0 32 1
11 33 11 32
8 33 8 32
4 25 5 25
31 22 32 22
18 27 18 26
23 18 22 18
23 17 23 18
19 18 19 19
28 24 27 24
30 4 31 4
29 9 29 10
23 16 23 17
10 19 10 20
22 31 21 31
26 19 26 20
2 25 2 26
11 18 12 18
11 19 10 19
9 12 9 13
27 22 28 22
32 1 31 1
31 0 32 0
8 29 8 28
7 29 7 28
8 30 8 29
26 23 27 23
23 24 22 24
24 17 25 17
21 29 21 30
24 24 25 24
23 25 24 25
17 30 16 30
12 12 12 11
8 16 8 17
14 6 14 5
23 5 22 5
0 25 1 25
33 6 32 6
34 5 33 5
23 10 23 9
9 2 9 1
1 25 2 25
10 20 9 20
22 5 22 4
0 17 1 17
5 24 4 24
4 5 5 5
35 33 34 33
34 33 34 34
24 16 25 16
5 23 5 24
3 7 2 7
34 25 35 25
32 15 31 15
32 14 31 14
33 17 32 17
0 30 1 30
22 22 22 21
34 28 35 28
10 14 10 13
1 21 2 21
2 14 2 15
6 14 6 13
14 7 15 7
31 32 31 33
4 34 4 35
20 23 20 24
17 17 16 17
7 24 8 24
11 35 11 34
13 34 13 35
28 28 28 27
28 22 28 23
3 23 4 23
17 16 17 17
19 16 19 15
21 27 21 26
9 21 10 21
35 12 34 12
34 23 34 24
32 27 33 27
11 28 11 27
2 28 2 29
25 22 26 22
23 29 24 29
15 17 15 16
14 19 14 20
8 9 8 8
17 11 17 10
22 18 22 19
32 21 33 21
10 0 10 1
28 21 28 20
33 19 33 20
26 28 27 28
19 21 20 21
29 33 29 34
30 24 29 24
22 21 23 21
27 28 27 29
18 24 18 23
30 21 30 22
13 4 12 4
16 25 17 25
4 17 5 17
19 34 20 34
6 32 6 31
16 20 17 20
26 20 25 20
19 4 18 4
14 25 14 24
17 24 17 23
2 8 2 9
2 1 2 2
15 15 16 15
18 14 19 14
19 14 19 13
6 11 6 12
24 13 25 13
23 11 24 11
19 13 19 12
28 34 28 35
20 13 20 14
5 20 4 20
2 29 1 29
6 19 6 18
21 26 21 25
26 21 27 21
17 23 16 23
26 3 26 4
27 3 26 3
20 4 19 4
6 5 6 6
7 5 6 5
10 3 10 2
16 23 15 23
22 13 22 14
6 29 5 29
34 32 33 32
11 20 11 19
10 29 9 29
18 6 18 7
13 14 12 14
4 19 4 18
33 21 34 21
10 24 11 24
12 2 13 2
20 24 19 24
3 35 3 34
13 6 13 5
2 30 3 30
30 10 30 11
2 27 3 27
17 3 17 2
2 18 3 18
25 25 25 26
17 19 16 19
35 11 35 10
13 18 13 17
21 18 20 18
26 4 25 4
15 28 14 28
10 31 10 30
16 1 17 1
21 28 21 29
27 30 27 31
27 13 27 14
32 25 32 26
2 34 2 35
11 24 11 25
26 2 25 2
32 9 32 10
31 9 32 9
25 13 25 14
27 35 27 34
3 30 3 29
31 10 31 9
32 10 31 10
32 9 32 10
31 9 32 9
31 10 31 9
32 10 31 10
32 9 32 10
31 9 32 9
31 10 31 9
32 10 31 10
32 9 32 10
31 9 32 9
31 10 31 9
32 10 31 10
32 9 32 10
31 9 32 9
31 10 31 9
32 10 31 10
32 9 32 10
31 9 32 9
31 10 31 9
32 10 31 10
32 9 32 10
31 9 32 9
31 10 31 9
32 10 31 10
32 9 32 10
31 9 32 9
31 10 31 9
32 10 31 10
32 9 32 10
31 9 32 9
31 10 31 9
32 10 31 10
32 9 32 10
31 9 32 9
31 10 31 9
32 10 31 10
32 9 32 10
31 9 32 9
31 10 31 9
32 10 31 10
32 9 32 10
31 9 32 9
31 10 31 9
32 10 31 10
32 9 32 10
101
2 33 2 31
2 35 2 33
0 35 2 35
6 31 2 31
9 31 6 31
9 29 9 31
9 35 9 31
6 27 6 31
6 26 6 27
7 26 6 26
13 35 9 35
13 33 13 35
0 28 0 35
0 24 0 28
0 22 0 24
3 22 0 22
3 20 3 22
4 20 3 20
3 18 3 20
4 18 3 18
6 18 4 18
0 18 3 18
9 18 6 18
9 20 9 18
12 18 9 18
12 20 12 18
13 20 12 20
12 22 12 20
17 22 12 22
17 25 17 22
17 26 17 25
19 25 17 25
19 24 19 25
21 25 19 25
21 24 21 25
17 29 17 26
24 25 21 25
24 23 24 25
27 23 24 23
27 24 27 23
27 25 27 24
27 21 27 23
29 24 27 24
29 25 29 24
31 25 29 25
31 28 31 25
31 29 31 28
32 28 31 28
35 28 32 28
35 29 35 28
35 25 35 28
21 29 17 29
31 21 31 25
21 19 21 24
22 19 21 19
19 19 21 19
29 19 29 24
22 14 22 19
20 14 22 14
25 14 22 14
27 14 25 14
31 14 27 14
31 15 31 14
31 12 31 14
31 10 31 12
31 9 31 10
32 10 31 10
35 10 32 10
32 6 32 10
32 3 32 6
32 0 32 3
33 0 32 0
30 0 32 0
25 0 30 0
15 14 20 14
12 14 15 14
12 15 12 14
12 11 12 14
12 6 12 11
12 4 12 6
10 4 12 4
10 8 10 4
9 8 10 8
8 8 9 8
4 8 8 8
1 8 4 8
4 11 4 8
1 14 1 8
26 3 32 3
23 3 26 3
23 7 23 3
23 9 23 7
20 7 23 7
18 7 20 7
18 4 18 7
15 7 18 7
15 0 15 7
16 0 15 0
25 33 13 33
2 13 2 9
2 15 2 13
