347
8 43 9 43
40 20 40 19
27 37 27 36
38 19 38 20
4 27 4 26
10 42 9 42
38 20 39 20
37 28 38 28
36 28 37 28
29 9 28 9
40 14 40 15
14 9 15 9
17 14 18 14
19 21 19 20
47 11 46 11
13 12 14 12
14 12 15 12
41 40 41 41
37 28 37 27
7 44 7 43
19 27 19 28
25 34 25 33
47 5 47 6
31 46 32 46
33 42 32 42
12 1 12 2
18 37 19 37
5 13 6 13
29 37 30 37
19 3 19 2
17 28 17 27
5 14 5 13
40 6 40 7
9 12 9 13
26 37 26 38
30 37 30 38
33 12 32 12
35 6 35 7
16 21 15 21
22 21 23 21
22 37 21 37
22 36 22 37
22 39 21 39
38 41 38 40
32 42 32 41
26 29 27 29
2 25 1 25
3 27 4 27
35 44 34 44
26 23 26 22
26 22 26 21
4 39 4 38
4 35 5 35
17 16 16 16
27 29 27 30
15 6 16 6
15 8 14 8
36 44 36 45
26 28 25 28
27 28 26 28
10 11 11 11
24 31 23 31
34 44 34 43
19 18 19 17
20 18 19 18
6 41 5 41
6 15 6 14
5 28 5 29
27 27 27 28
27 18 28 18
26 21 27 21
24 46 24 47
29 28 28 28
12 45 12 46
15 12 15 13
20 21 19 21
19 39 18 39
0 9 1 9
1 13 1 12
26 45 26 46
28 47 28 46
32 46 32 45
9 45 9 46
34 13 33 13
17 22 18 22
1 7 0 7
0 15 1 15
26 18 26 19
29 47 28 47
29 46 29 47
46 21 46 22
46 22 45 22
12 12 12 11
45 8 44 8
44 9 45 9
1 46 2 46
3 45 2 45
41 32 42 32
42 33 41 33
33 1 33 0
44 8 44 7
3 13 3 12
36 47 37 47
38 44 38 43
37 44 38 44
21 5 20 5
11 0 11 1
34 46 35 46
10 5 10 6
9 0 9 1
7 6 8 6
41 31 42 31
39 47 38 47
38 47 38 46
16 6 16 7
34 23 33 23
40 28 41 28
9 43 9 44
33 23 32 23
15 9 15 10
43 35 42 35
33 33 33 34
30 21 29 21
11 8 11 9
30 32 30 33
17 7 17 8
40 19 41 19
13 20 12 20
7 35 6 35
21 3 22 3
12 19 11 19
2 44 1 44
13 24 12 24
37 1 38 1
20 24 20 23
23 9 23 8
30 33 29 33
6 35 6 36
28 20 29 20
0 35 0 36
11 25 12 25
45 0 45 1
39 0 38 0
33 13 33 14
28 30 29 30
7 34 7 33
30 27 31 27
29 13 29 14
27 11 27 10
7 27 7 26
5 20 5 19
7 26 8 26
7 29 6 29
39 39 39 40
22 3 22 4
34 17 35 17
7 39 7 40
20 11 20 10
35 32 35 31
27 2 28 2
6 43 6 42
42 27 43 27
39 40 40 40
18 20 18 19
40 26 40 27
16 4 17 4
39 26 40 26
37 15 36 15
7 42 8 42
7 43 6 43
36 5 35 5
31 8 32 8
1 3 2 3
31 7 31 8
26 0 26 1
47 9 47 10
45 20 46 20
27 40 28 40
35 24 35 23
25 14 24 14
6 43 5 43
21 39 21 40
47 42 47 41
6 20 5 20
26 1 27 1
8 42 8 43
24 14 23 14
46 43 47 43
35 15 35 16
22 2 22 3
13 4 14 4
35 26 36 26
35 29 35 30
14 4 14 3
45 9 46 9
21 15 21 14
35 17 36 17
12 3 11 3
5 13 4 13
24 29 23 29
7 40 7 41
22 3 23 3
9 21 9 20
47 43 47 44
35 18 35 19
36 18 35 18
44 34 43 34
3 12 3 11
40 38 39 38
42 47 42 46
6 18 6 17
46 33 47 33
19 4 18 4
28 9 28 10
44 43 43 43
45 37 44 37
17 25 17 26
16 41 15 41
39 27 38 27
18 4 18 3
47 29 46 29
42 24 43 24
26 6 25 6
47 33 47 34
35 23 34 23
4 13 3 13
31 35 31 36
12 44 11 44
35 37 36 37
3 18 2 18
32 12 32 11
2 18 2 19
25 4 26 4
44 37 44 36
9 42 9 41
39 9 39 10
17 8 17 9
42 46 41 46
9 13 8 13
16 16 16 15
10 7 11 7
39 10 40 10
7 36 7 37
31 19 31 20
34 8 33 8
23 21 23 22
15 41 15 42
33 0 32 0
37 33 37 34
3 14 2 14
3 40 2 40
25 24 25 25
1 22 1 23
22 26 22 25
30 7 31 7
9 36 10 36
32 23 32 22
12 8 11 8
14 8 14 9
42 23 42 22
18 3 17 3
45 34 44 34
44 26 43 26
40 15 39 15
16 22 16 23
21 37 21 38
23 33 22 33
42 35 42 34
26 27 25 27
22 0 21 0
20 5 20 4
13 6 14 6
36 39 35 39
26 46 27 46
44 25 43 25
19 28 19 29
29 40 29 39
28 25 28 24
15 27 15 28
27 17 27 16
12 20 12 19
31 23 31 24
34 23 34 22
5 41 5 42
22 27 21 27
13 3 12 3
24 10 24 11
5 27 6 27
20 7 19 7
36 21 35 21
5 2 5 1
12 32 12 33
30 47 31 47
17 17 17 16
12 27 12 26
25 15 25 14
34 28 33 28
39 38 39 39
31 8 30 8
32 22 32 21
43 34 43 35
19 21 18 21
38 11 38 10
47 36 47 35
21 34 21 35
1 9 1 8
10 24 11 24
8 24 8 23
4 32 4 33
25 43 24 43
6 44 7 44
29 34 30 34
47 38 47 39
33 22 33 23
40 26 40 25
5 19 4 19
13 25 13 24
29 8 29 7
5 29 4 29
19 29 18 29
9 7 9 8
28 22 28 23
25 33 24 33
47 6 46 6
34 11 34 12
4 5 3 5
14 37 14 36
19 5 18 5
33 10 33 9
35 9 35 10
9 35 10 35
37 24 38 24
3 11 2 11
33 34 34 34
7 45 6 45
38 24 39 24
18 36 18 35
3 13 2 13
35 19 36 19
36 19 37 19
18 29 17 29
34 36 33 36
36 34 36 33
22 17 22 16
33 36 32 36
15 19 15 18
9 20 8 20
152
5 3 5 1
5 8 5 3
1 8 5 8
5 12 5 8
5 15 5 12
9 8 5 8
11 8 9 8
11 7 11 8
13 8 11 8
9 5 9 8
11 3 11 7
11 1 11 3
13 1 11 1
1 12 5 12
5 20 5 15
4 20 5 20
3 20 4 20
8 20 5 20
8 23 8 20
8 26 8 23
4 26 8 26
4 25 4 26
2 26 4 26
12 26 8 26
12 25 12 26
15 26 12 26
16 26 15 26
16 23 16 26
13 23 16 23
2 22 2 26
16 15 16 23
8 36 8 26
26 15 16 15
26 8 26 15
26 7 26 8
29 7 26 7
31 7 29 7
26 4 26 7
29 11 29 7
28 11 29 11
22 4 26 4
28 18 28 11
28 23 28 18
28 24 28 23
31 24 28 24
28 28 28 24
27 28 28 28
31 20 31 24
23 24 28 24
23 23 23 24
23 22 23 23
23 29 23 24
33 28 28 28
22 11 22 4
22 12 22 11
18 12 22 12
18 11 18 12
18 5 18 11
28 35 28 28
29 35 28 35
28 40 28 35
36 35 29 35
36 37 36 35
33 37 36 37
40 37 36 37
40 40 40 37
38 40 40 40
38 42 38 40
40 45 40 40
36 45 40 45
45 40 40 40
45 43 45 40
39 24 31 24
39 20 39 24
39 17 39 20
39 15 39 17
39 13 39 15
36 17 39 17
36 15 36 17
46 20 39 20
19 18 28 18
19 20 19 18
39 33 39 24
46 11 46 20
46 9 46 11
46 6 46 9
45 6 46 6
42 6 45 6
42 9 42 6
46 0 46 6
34 6 42 6
16 38 16 26
4 38 16 38
4 34 4 38
45 23 45 40
23 32 19 32
19 37 19 32
23 41 23 32
29 41 23 41
29 42 29 41
29 43 29 42
26 43 29 43
24 43 26 43
24 47 24 43
34 43 29 43
19 47 24 47
9 47 19 47
9 46 9 47
9 44 9 46
11 44 9 44
7 44 9 44
14 44 11 44
7 41 7 44
9 41 7 41
1 44 7 44
1 25 1 44
1 23 1 25
15 0 4 0
21 0 15 0
15 10 15 0
15 13 15 10
15 18 15 13
15 21 15 18
8 13 15 13
6 13 8 13
8 16 8 13
21 10 21 0
20 10 21 10
32 0 21 0
37 0 32 0
32 6 32 0
34 12 30 12
39 12 34 12
41 12 39 12
41 15 41 12
44 15 41 15
41 19 41 15
34 19 34 12
37 19 34 19
34 22 34 19
36 22 34 22
37 22 36 22
44 7 44 15
34 34 30 34
37 34 34 34
38 34 37 34
42 34 38 34
42 32 42 34
34 26 34 34
36 26 34 26
36 29 36 26
10 36 10 35
