94
3 0 3 1
32 29 31 29
11 37 10 37
16 16 16 17
2 16 2 15
4 27 3 27
29 10 30 10
7 9 8 9
33 7 33 6
17 10 16 10
20 14 20 15
28 28 29 28
29 28 29 27
13 4 13 5
27 1 27 0
21 23 21 22
24 3 24 4
30 11 30 12
36 23 37 23
11 8 12 8
10 37 10 36
17 26 16 26
14 35 14 34
14 27 15 27
37 21 37 22
8 13 7 13
16 17 15 17
16 21 15 21
18 4 19 4
9 19 8 19
19 10 18 10
20 15 21 15
9 4 10 4
8 0 8 1
6 34 5 34
30 6 29 6
18 10 18 11
30 29 30 28
3 36 3 37
25 20 25 19
21 18 22 18
30 32 31 32
10 18 9 18
32 20 32 19
8 24 8 25
6 30 5 30
9 35 10 35
24 10 24 11
6 20 6 19
28 15 28 14
16 28 16 27
29 19 29 20
11 26 11 25
35 2 35 1
12 8 12 9
24 18 24 19
4 8 4 9
10 24 10 25
3 1 4 1
28 2 28 1
10 25 9 25
0 25 0 24
10 20 11 20
16 13 16 14
7 2 7 3
15 21 15 22
26 36 25 36
29 31 29 32
6 26 7 26
12 28 12 27
22 35 22 34
15 10 15 11
35 27 36 27
10 5 10 6
27 12 28 12
3 23 4 23
33 23 32 23
20 2 19 2
22 2 21 2
36 27 36 26
18 23 19 23
6 22 6 23
35 18 36 18
33 21 32 21
22 34 22 33
13 23 12 23
25 34 25 33
30 27 31 27
35 7 36 7
22 18 22 19
29 33 28 33
5 19 4 19
20 18 20 19
35 28 36 28
105
15 0 5 0
25 0 15 0
27 0 25 0
27 2 27 0
27 3 27 2
15 11 15 0
14 11 15 11
15 13 15 11
14 9 14 11
17 13 15 13
18 11 15 11
21 11 18 11
22 11 21 11
21 9 21 11
24 11 22 11
22 8 22 11
22 15 22 11
23 15 22 15
21 15 22 15
23 13 23 15
22 4 22 8
24 4 22 4
26 4 24 4
15 17 15 13
15 18 15 17
15 22 15 18
18 22 15 22
21 22 18 22
29 15 23 15
29 18 29 15
29 20 29 18
27 18 29 18
27 20 29 20
26 20 27 20
26 25 26 20
9 18 15 18
9 15 9 18
14 3 14 9
10 3 14 3
7 3 10 3
3 3 7 3
3 6 3 3
3 11 3 6
35 20 29 20
35 23 35 20
37 23 35 23
37 22 37 23
9 8 9 15
13 8 9 8
13 5 13 8
2 15 9 15
2 20 2 15
9 25 9 18
8 25 9 25
9 26 9 25
8 26 8 25
7 26 8 26
11 25 9 25
5 25 8 25
9 30 9 26
9 31 9 30
1 25 5 25
5 30 9 30
5 32 5 30
5 34 5 32
11 20 11 25
2 8 2 15
29 27 29 20
31 27 29 27
31 29 31 27
33 27 31 27
31 32 31 29
29 32 31 32
24 27 29 27
23 32 29 32
13 34 5 34
14 34 13 34
18 34 14 34
29 6 29 15
31 6 29 6
33 6 31 6
34 6 33 6
35 6 34 6
34 0 34 6
24 17 15 17
7 13 7 3
37 12 37 22
21 35 21 22
1 9 1 25
12 24 12 23
12 27 12 24
15 27 12 27
16 27 15 27
16 26 16 27
16 29 16 27
15 29 16 29
19 27 16 27
20 27 19 27
19 23 19 27
20 36 20 27
22 36 20 36
23 36 22 36
25 36 23 36
22 33 22 36
25 33 25 36
