259
35 9 35 10
6 1 6 2
5 35 4 35
30 11 31 11
31 11 31 12
38 8 37 8
0 8 0 9
1 8 0 8
1 5 2 5
27 27 28 27
32 15 33 15
9 0 9 1
39 10 40 10
11 0 11 1
17 13 17 12
0 9 1 9
40 11 39 11
7 14 8 14
10 7 11 7
6 16 7 16
1 3 0 3
8 14 8 15
0 0 1 0
31 2 30 2
40 15 40 16
12 36 13 36
3 14 3 13
9 1 10 1
28 23 28 24
31 20 30 20
40 35 39 35
5 0 5 1
40 34 39 34
39 34 38 34
33 15 33 14
4 0 5 0
4 4 4 3
4 3 5 3
9 38 9 37
7 27 7 26
3 9 2 9
40 20 39 20
8 28 8 27
9 12 10 12
11 31 10 31
35 20 36 20
35 31 36 31
29 26 30 26
23 11 22 11
23 12 23 11
26 30 26 29
28 30 27 30
26 31 27 31
3 13 4 13
18 29 19 29
29 30 28 30
31 33 32 33
15 12 15 13
30 33 31 33
21 4 21 5
23 4 23 3
5 11 5 10
28 22 28 23
24 6 24 5
24 5 25 5
31 23 31 24
20 26 20 25
5 36 5 37
31 39 31 38
3 7 3 6
15 34 16 34
4 26 3 26
17 38 18 38
3 26 3 27
18 34 19 34
13 28 13 27
18 39 17 39
12 18 12 19
32 7 31 7
8 20 8 21
2 21 2 20
33 3 32 3
17 30 16 30
22 22 22 23
15 16 16 16
14 16 15 16
28 19 29 19
19 17 18 17
4 35 4 34
24 22 24 21
28 18 29 18
24 33 23 33
14 34 14 33
22 36 22 35
10 19 10 20
3 23 2 23
11 29 12 29
38 3 37 3
32 3 32 4
21 28 21 29
12 30 11 30
22 3 22 2
28 3 28 2
40 14 40 15
34 6 35 6
32 19 32 20
13 23 14 23
27 5 28 5
4 19 5 19
34 16 34 15
36 8 36 9
32 33 33 33
28 2 27 2
9 21 9 22
16 19 16 18
6 36 7 36
13 6 12 6
0 14 0 15
27 9 26 9
22 8 23 8
9 22 10 22
19 38 19 37
23 39 23 40
10 40 10 39
11 40 11 39
22 11 22 10
29 16 29 15
5 17 4 17
29 18 29 17
29 7 28 7
28 17 28 16
6 17 6 16
33 19 33 18
0 24 0 25
14 30 14 31
19 14 18 14
37 17 38 17
2 9 2 10
36 11 35 11
27 6 27 5
7 0 6 0
8 10 9 10
32 27 32 28
8 35 9 35
31 38 32 38
25 39 25 40
10 17 10 16
30 26 30 27
36 28 36 27
14 23 14 22
15 32 15 33
18 21 18 20
16 27 15 27
27 12 27 13
9 8 8 8
14 31 13 31
16 1 17 1
8 8 7 8
3 39 3 38
22 21 22 20
19 11 20 11
10 32 9 32
10 31 10 32
13 31 13 32
24 10 24 9
21 18 22 18
28 24 29 24
23 35 24 35
31 28 31 29
1 38 2 38
19 29 19 30
13 11 12 11
11 23 11 24
22 23 23 23
12 2 13 2
20 12 21 12
20 25 21 25
34 32 33 32
10 39 9 39
35 29 35 28
18 4 17 4
24 3 24 4
13 36 13 35
19 4 18 4
12 29 12 30
27 2 26 2
36 39 36 40
24 21 25 21
31 12 32 12
18 28 18 27
2 36 3 36
11 28 12 28
8 19 9 19
2 4 3 4
29 20 28 20
1 18 1 17
30 34 30 35
27 38 27 39
17 6 17 5
16 28 16 29
5 15 6 15
34 30 34 29
20 30 21 30
25 33 25 32
29 34 29 35
2 11 3 11
23 27 23 28
31 10 31 11
33 21 34 21
21 24 22 24
11 7 11 8
7 8 7 7
14 2 14 1
19 30 19 31
31 9 31 10
21 33 21 32
21 32 20 32
11 30 11 29
26 0 26 1
23 33 23 32
34 21 35 21
14 38 13 38
24 34 24 33
29 8 30 8
21 7 22 7
27 7 27 8
13 29 14 29
20 34 20 35
17 2 17 3
20 16 20 15
16 30 16 31
35 30 35 29
6 26 5 26
32 2 32 1
28 14 27 14
28 12 28 13
7 26 6 26
30 37 31 37
34 37 35 37
20 10 20 9
15 28 14 28
21 9 22 9
32 20 33 20
12 28 13 28
14 6 14 7
4 30 4 29
32 26 32 25
33 8 33 7
13 5 13 6
14 1 15 1
12 6 12 7
38 17 39 17
32 25 32 24
38 9 39 9
27 39 27 40
30 2 30 1
30 1 29 1
38 7 39 7
6 24 5 24
140
6 2 4 2
6 0 6 2
6 7 6 2
1 7 6 7
1 9 1 7
1 4 1 7
1 0 1 4
13 2 6 2
13 6 13 2
13 10 13 6
9 10 13 10
9 15 9 10
1 17 1 9
4 17 1 17
8 17 4 17
4 13 4 17
8 21 8 17
15 21 8 21
15 25 15 21
15 27 15 25
18 27 15 27
20 21 15 21
20 17 20 21
20 15 20 17
25 21 20 21
25 15 20 15
29 15 25 15
29 17 29 15
29 19 29 17
34 19 29 19
35 19 34 19
35 17 35 19
35 21 35 19
35 24 35 21
37 24 35 24
32 24 35 24
31 24 32 24
29 24 31 24
29 25 29 24
31 21 31 24
29 28 29 25
32 28 29 28
35 28 32 28
32 32 32 28
33 32 32 32
38 32 33 32
38 31 38 32
38 34 38 32
38 39 38 34
37 18 37 24
40 18 37 18
32 38 32 32
28 38 32 38
22 24 29 24
25 32 32 32
23 32 25 32
20 32 23 32
20 35 20 32
20 38 20 35
18 38 20 38
18 40 18 38
13 38 18 38
13 35 13 38
13 32 13 35
10 32 13 32
9 32 10 32
7 32 9 32
9 35 9 32
13 28 13 32
23 40 18 40
2 35 9 35
2 38 2 35
3 38 2 38
2 40 2 38
4 28 13 28
18 0 6 0
18 4 18 0
24 4 18 4
24 9 24 4
26 9 24 9
26 6 26 9
32 9 26 9
32 12 32 9
32 13 32 12
31 13 32 13
36 9 32 9
36 10 36 9
32 4 32 9
35 4 32 4
35 6 35 4
40 12 32 12
22 7 14 7
22 9 22 7
22 10 22 9
21 10 22 10
22 12 22 10
21 12 22 12
19 12 21 12
24 12 22 12
17 12 19 12
17 11 17 12
16 11 17 11
17 16 17 12
16 16 17 16
16 18 16 16
12 11 16 11
12 17 12 11
12 19 12 17
9 17 12 17
9 19 9 17
19 25 19 24
21 25 19 25
21 29 21 25
24 29 21 29
26 29 24 29
16 29 21 29
14 29 16 29
14 28 14 29
14 33 14 29
15 33 14 33
14 24 14 28
14 22 14 24
11 24 14 24
31 29 26 29
5 24 11 24
5 21 5 24
5 19 5 21
3 19 5 19
26 2 22 2
26 1 26 2
26 5 26 2
27 5 26 5
29 1 26 1
29 2 29 1
32 1 29 1
34 1 32 1
2 30 2 29
4 29 2 29
8 29 4 29
11 29 8 29
