385
21 17 21 16
22 17 21 17
17 11 16 11
18 10 17 10
17 22 16 22
18 20 19 20
15 18 14 18
23 9 24 9
23 10 23 9
24 10 23 10
25 12 25 13
24 12 25 12
25 10 24 10
25 11 25 10
24 11 25 11
17 24 18 24
17 23 17 22
17 20 18 20
17 19 17 20
13 21 14 21
13 20 13 21
14 20 13 20
22 19 23 19
12 12 13 12
23 24 23 25
22 24 23 24
19 5 19 6
14 8 15 8
21 7 22 7
20 7 21 7
20 8 20 7
12 20 12 21
10 21 11 21
4 21 4 22
5 21 4 21
5 20 5 21
7 18 6 18
13 20 12 20
3 16 3 15
14 15 14 14
17 15 17 16
15 15 14 15
16 15 15 15
16 16 16 15
3 11 4 11
8 7 8 6
7 7 8 7
3 12 3 11
4 14 4 13
2 12 3 12
22 20 22 19
21 20 22 20
8 18 7 18
13 10 13 11
12 10 13 10
12 3 13 3
5 23 5 24
4 23 5 23
2 24 3 24
0 24 1 24
2 16 3 16
0 25 0 24
1 25 0 25
1 24 1 25
2 23 2 24
4 18 3 18
3 17 4 17
8 19 8 18
7 19 8 19
11 9 10 9
11 8 11 9
4 22 4 23
22 21 22 22
2 19 2 18
7 25 8 25
7 24 7 25
3 19 2 19
7 23 7 24
25 8 25 9
24 8 25 8
24 5 24 6
4 21 4 22
23 3 24 3
14 18 14 17
23 2 23 3
12 9 13 9
4 19 4 18
5 19 4 19
25 4 25 5
24 4 25 4
4 16 4 15
5 16 4 16
5 15 5 16
7 20 7 19
14 9 14 8
13 9 14 9
7 21 7 20
8 20 8 21
20 12 21 12
11 25 11 24
13 8 12 8
15 6 15 7
1 22 2 22
1 21 1 22
2 21 1 21
11 24 10 24
11 23 11 24
10 23 11 23
3 21 2 21
3 22 3 21
20 1 19 1
22 0 22 1
22 2 23 2
22 1 22 2
22 20 22 21
21 0 22 0
21 1 21 0
21 2 21 1
16 4 16 5
17 4 16 4
16 10 16 9
24 15 23 15
3 21 4 21
16 2 15 2
15 19 15 18
20 20 21 20
20 21 20 20
18 11 18 10
18 18 18 19
16 11 16 10
16 1 16 2
17 1 16 1
17 2 17 1
2 15 2 16
24 16 24 15
25 16 24 16
3 15 2 15
3 14 3 15
2 14 3 14
12 20 11 20
12 23 12 24
11 19 11 18
11 24 11 25
12 24 11 24
11 23 12 23
11 20 11 19
25 20 25 19
24 20 25 20
24 19 24 20
1 9 1 10
2 9 1 9
12 19 12 18
13 19 12 19
13 18 13 19
2 8 2 9
1 8 2 8
1 9 1 8
20 5 19 5
20 4 20 5
18 2 17 2
17 1 18 1
17 2 17 1
18 1 18 2
7 11 7 10
5 9 5 8
4 9 5 9
6 11 7 11
2 0 2 1
14 21 14 20
16 3 17 3
15 2 15 1
16 2 15 2
16 1 16 2
19 8 20 8
19 9 19 8
20 9 19 9
8 2 7 2
21 9 20 9
8 3 8 2
7 3 8 3
20 8 21 8
5 9 5 10
10 2 9 2
10 3 10 2
9 1 9 0
9 3 10 3
9 2 9 3
10 2 9 2
1 5 1 6
9 2 9 1
11 1 10 1
11 2 11 1
0 5 1 5
0 4 0 5
1 4 0 4
7 10 6 10
7 11 7 10
3 5 3 4
10 13 9 13
6 15 5 15
6 14 7 14
6 19 5 19
23 11 24 11
14 6 15 6
14 7 14 6
7 18 7 17
6 7 7 7
7 19 6 19
7 16 8 16
7 17 7 16
8 18 9 18
5 11 6 11
5 12 5 11
6 12 5 12
21 10 21 9
20 10 21 10
19 12 20 12
21 15 21 14
2 6 3 6
4 1 3 1
6 9 5 9
6 10 6 9
5 10 6 10
20 22 20 21
20 23 20 22
5 11 5 10
5 12 5 11
4 12 5 12
4 11 4 12
10 11 10 10
9 10 9 11
3 2 2 2
15 7 14 7
9 11 10 11
10 12 9 12
18 16 18 15
7 10 8 10
7 0 8 0
7 1 7 0
21 16 20 16
21 12 21 11
18 17 18 16
19 17 18 17
2 7 2 6
13 3 13 4
14 22 14 21
3 7 2 7
24 11 24 12
23 12 23 11
19 11 18 11
13 22 14 22
15 0 14 0
13 2 13 3
14 2 13 2
17 6 17 7
7 0 6 0
6 1 7 1
5 5 6 5
17 17 16 17
17 25 17 24
16 25 17 25
13 16 13 15
12 16 13 16
12 15 12 16
4 22 3 22
5 23 5 22
9 24 9 25
6 5 6 6
5 6 5 5
15 23 15 22
25 8 25 7
24 16 23 16
20 13 19 13
14 23 15 23
4 7 5 7
4 6 4 7
4 23 4 22
3 23 4 23
3 22 3 23
18 21 18 22
21 23 20 23
21 22 21 23
20 22 21 22
14 17 13 17
3 20 3 21
13 23 14 23
13 24 13 23
14 24 13 24
14 23 14 24
13 23 14 23
13 24 13 23
16 7 16 8
19 14 18 14
4 22 3 22
16 17 15 17
16 18 16 17
16 19 15 19
23 14 24 14
0 9 1 9
20 19 21 19
20 20 20 19
21 20 20 20
20 19 19 19
14 20 13 20
14 19 14 20
13 19 14 19
6 3 6 2
14 1 14 2
15 1 14 1
15 2 15 1
10 6 11 6
13 1 13 0
14 1 13 1
13 20 13 19
14 20 13 20
14 19 14 20
21 19 20 19
21 18 21 19
20 18 21 18
17 22 17 21
18 22 17 22
17 21 18 21
15 18 16 18
18 10 18 9
20 14 19 14
23 15 22 15
18 21 18 22
20 21 20 22
15 25 15 24
4 23 4 22
3 23 4 23
3 22 3 23
18 20 18 21
16 24 16 25
24 1 23 1
24 2 24 1
23 2 24 2
1 13 1 14
15 24 16 24
3 21 3 22
16 25 15 25
16 24 16 25
23 1 22 1
22 2 23 2
2 11 1 11
2 10 2 11
2 9 2 10
1 9 2 9
1 10 1 9
2 10 1 10
2 9 2 10
1 9 2 9
0 8 0 9
1 8 0 8
17 22 17 21
18 22 17 22
9 23 9 24
8 23 9 23
18 21 18 22
17 21 18 21
17 22 17 21
18 22 17 22
18 21 18 22
17 21 18 21
17 22 17 21
18 22 17 22
18 21 18 22
17 21 18 21
17 22 17 21
18 22 17 22
18 21 18 22
17 21 18 21
17 22 17 21
18 22 17 22
18 21 18 22
17 21 18 21
17 22 17 21
18 22 17 22
18 21 18 22
17 21 18 21
17 22 17 21
18 22 17 22
18 21 18 22
17 21 18 21
17 22 17 21
114
12 0 11 0
12 2 12 0
12 4 12 2
11 4 12 4
12 8 12 4
10 8 12 8
14 8 12 8
12 11 12 8
12 14 12 11
13 14 12 14
11 14 12 14
10 14 11 14
12 16 12 14
13 16 12 16
12 17 12 16
13 17 13 16
15 17 13 17
13 19 13 17
13 20 13 19
15 19 13 19
18 19 15 19
18 21 18 19
18 22 18 21
17 21 18 21
20 22 18 22
21 22 20 22
21 21 21 22
22 22 21 22
22 21 21 21
22 19 22 21
22 18 22 19
22 25 22 22
22 15 22 18
22 14 22 15
20 15 22 15
19 15 20 15
24 14 22 14
24 15 24 14
24 13 24 14
24 12 24 13
24 10 24 12
17 24 17 21
20 12 20 15
10 20 13 20
10 22 10 20
10 24 10 22
17 12 20 12
17 10 17 12
7 20 10 20
6 20 7 20
4 20 6 20
20 9 20 12
20 7 20 9
19 7 20 7
19 6 19 7
17 7 19 7
7 16 7 20
6 16 7 16
8 16 7 16
6 13 6 16
6 11 6 13
6 10 6 11
8 11 6 11
8 2 12 2
7 2 8 2
17 3 17 7
15 3 17 3
17 1 17 3
15 1 15 3
19 1 17 1
19 0 19 1
21 1 19 1
22 1 21 1
21 3 21 1
22 3 21 3
4 7 2 7
5 7 4 7
7 7 5 7
7 6 7 7
7 8 7 7
7 9 7 8
6 9 7 9
5 9 6 9
9 9 7 9
9 8 9 9
9 7 9 8
10 7 9 7
3 9 5 9
3 10 3 9
3 11 3 10
5 11 3 11
5 12 5 11
9 12 9 9
11 12 9 12
11 13 11 12
3 12 1 12
3 13 3 12
4 13 3 13
4 15 4 13
4 16 4 15
5 15 4 15
3 16 4 16
3 18 3 16
2 18 3 18
3 22 3 18
4 22 3 22
3 23 3 22
4 23 4 22
4 24 4 23
6 23 4 23
6 22 6 23
9 23 6 23
9 24 9 23
24 2 23 2
