178
22 31 21 31
6 0 7 0
32 6 31 6
24 27 24 26
35 28 35 29
12 7 11 7
29 33 28 33
31 29 31 30
35 23 34 23
36 23 36 24
6 26 5 26
35 14 34 14
2 36 2 35
17 15 18 15
17 12 16 12
4 34 3 34
31 13 31 14
13 34 12 34
13 30 13 31
1 12 1 11
15 21 16 21
31 1 31 2
11 29 10 29
17 34 17 35
18 1 18 2
8 23 8 24
12 17 12 16
14 36 13 36
30 7 31 7
29 9 29 10
34 9 33 9
33 9 33 8
34 10 34 9
32 9 32 10
33 34 34 34
16 28 16 29
8 9 9 9
21 2 20 2
21 5 21 4
23 31 23 30
17 6 17 7
1 6 1 7
2 35 3 35
13 1 13 0
24 13 24 14
21 1 21 0
6 6 6 5
9 14 9 13
7 12 6 12
11 7 11 6
15 5 15 4
30 26 31 26
31 7 31 8
12 16 11 16
24 7 24 8
20 23 19 23
20 20 20 21
20 21 19 21
7 0 7 1
18 9 19 9
26 36 27 36
35 18 35 19
28 36 28 35
25 7 25 6
14 18 15 18
21 13 21 12
18 26 18 27
16 22 16 23
6 22 6 21
8 24 9 24
25 32 25 33
4 2 5 2
14 35 15 35
28 33 28 32
13 0 14 0
33 11 33 10
27 14 27 13
29 3 29 4
21 12 20 12
33 25 33 26
27 1 26 1
8 8 7 8
1 10 0 10
8 29 8 28
32 20 32 19
28 21 28 20
6 19 6 18
28 26 27 26
4 19 5 19
33 22 33 21
5 26 5 27
23 24 23 23
3 26 3 25
33 23 32 23
12 33 12 32
10 20 10 21
14 12 13 12
5 10 4 10
17 3 18 3
4 17 4 18
20 28 21 28
30 36 30 35
15 6 16 6
33 29 34 29
27 19 26 19
23 5 22 5
13 21 13 22
3 8 3 9
6 18 7 18
3 10 3 11
25 23 26 23
12 1 11 1
13 9 13 10
16 23 17 23
25 4 24 4
33 18 34 18
15 12 15 13
30 20 30 21
23 20 23 19
7 29 7 28
23 26 23 27
21 8 21 9
10 28 9 28
11 28 11 27
29 18 28 18
32 15 32 16
20 17 20 16
34 19 33 19
13 3 13 4
24 4 24 5
23 0 23 1
34 20 33 20
18 11 19 11
31 32 31 31
6 3 7 3
26 19 26 18
13 26 14 26
10 9 10 8
34 34 34 35
10 19 10 18
26 8 25 8
7 21 7 22
35 7 34 7
9 27 8 27
19 2 19 3
21 9 21 10
24 24 24 25
26 23 26 22
4 10 3 10
24 35 23 35
30 19 30 18
16 2 16 3
32 19 32 18
7 5 8 5
15 18 15 17
9 20 10 20
14 22 15 22
14 26 15 26
3 20 2 20
9 24 10 24
10 21 10 22
27 23 27 24
9 28 9 27
11 15 11 14
16 12 16 11
35 32 35 31
11 6 11 5
17 35 18 35
7 28 7 27
7 3 8 3
10 18 10 17
27 11 27 10
31 16 30 16
21 10 22 10
20 15 20 14
30 21 31 21
22 10 23 10
16 6 16 5
121
5 2 0 2
7 2 5 2
7 1 7 2
9 2 7 2
11 2 9 2
11 1 11 2
7 6 7 2
7 8 7 6
5 8 7 8
10 8 7 8
10 10 10 8
13 10 10 10
13 12 13 10
13 13 13 12
15 13 13 13
18 13 15 13
18 12 18 13
18 15 18 13
19 15 18 15
18 10 18 12
18 17 18 15
15 17 18 17
10 17 15 17
10 20 10 17
10 22 10 20
10 24 10 22
7 17 10 17
7 18 7 17
13 24 10 24
13 22 13 24
15 22 13 22
4 18 7 18
2 18 4 18
2 20 2 18
18 22 15 22
2 23 2 20
3 23 2 23
4 23 3 23
4 22 4 23
21 22 18 22
7 22 4 22
15 26 15 22
15 28 15 26
10 29 10 24
14 29 10 29
14 32 14 29
14 34 14 32
12 32 14 32
12 34 14 34
10 35 10 29
10 36 10 35
8 35 10 35
13 4 13 10
15 4 13 4
18 4 15 4
21 28 15 28
21 31 21 28
21 36 21 31
25 13 18 13
25 8 25 13
24 8 25 8
20 8 24 8
31 8 25 8
33 8 31 8
31 6 31 8
33 10 33 8
35 10 33 10
31 3 31 6
35 3 31 3
26 3 31 3
26 2 26 3
24 2 26 2
23 2 24 2
20 2 23 2
20 1 20 2
0 10 0 2
33 19 33 10
33 20 33 19
33 21 33 20
34 21 33 21
31 21 33 21
35 19 33 19
29 21 31 21
33 24 33 21
33 26 33 24
31 26 33 26
36 24 33 24
31 30 31 26
31 31 31 30
29 31 31 31
29 34 29 31
35 30 31 30
35 31 35 30
35 29 35 30
36 29 35 29
27 26 31 26
27 24 27 26
24 26 27 26
27 36 27 26
20 16 20 14
24 14 20 14
24 20 24 14
28 20 24 20
28 18 28 20
30 18 28 18
26 18 28 18
32 18 30 18
28 16 28 18
32 16 32 18
30 16 28 16
24 25 24 20
28 25 28 20
32 10 32 16
30 10 32 10
29 10 30 10
27 10 29 10
27 13 27 10
8 5 8 3
11 5 8 5
16 3 8 3
18 3 16 3
