290
11 21 11 22
13 24 13 23
11 14 12 14
15 15 16 15
8 14 8 15
21 22 20 22
14 11 13 11
14 10 14 11
16 17 17 17
16 12 16 11
21 14 22 14
21 13 21 14
22 13 21 13
21 23 21 22
18 7 17 7
23 10 24 10
23 9 22 9
1 5 0 5
15 10 14 10
10 2 9 2
16 10 15 10
19 6 19 7
16 11 17 11
4 10 4 9
11 4 11 3
17 4 16 4
1 6 2 6
2 7 1 7
3 8 2 8
17 23 18 23
19 5 19 4
18 5 19 5
18 4 18 5
12 16 11 16
19 0 20 0
22 12 22 13
3 3 3 2
14 6 14 5
14 22 14 21
7 9 6 9
4 4 5 4
13 9 14 9
22 19 23 19
23 1 23 2
3 7 3 8
7 11 6 11
12 9 13 9
11 11 11 10
10 11 11 11
10 10 10 11
11 12 10 12
7 4 7 5
5 4 5 5
14 7 14 6
23 2 22 2
23 3 23 2
11 10 10 10
9 5 9 4
1 4 1 5
2 4 1 4
7 12 7 11
24 4 24 5
23 4 24 4
23 5 23 4
11 18 10 18
15 20 15 21
9 19 9 18
10 13 10 14
6 12 7 12
21 6 21 5
20 6 21 6
20 5 20 6
14 8 14 7
22 7 22 8
15 8 14 8
20 4 21 4
21 5 20 5
21 8 20 8
13 14 14 14
22 18 22 19
16 21 16 20
23 14 23 13
24 9 24 8
20 12 20 11
21 12 22 12
7 8 7 7
7 7 8 7
14 3 14 4
21 18 22 18
21 19 21 18
20 15 21 15
21 14 20 14
11 13 11 14
24 3 23 3
12 14 12 15
13 15 13 14
21 13 21 12
1 23 1 24
3 4 2 4
17 24 17 23
21 4 21 5
3 2 2 2
16 8 16 9
17 9 17 8
20 8 20 9
13 12 13 13
12 13 12 12
8 5 8 6
7 5 8 5
19 16 18 16
20 13 21 13
21 7 21 8
13 2 13 1
5 10 6 10
6 9 5 9
12 23 11 23
6 19 6 20
5 9 5 10
6 21 7 21
6 22 6 21
5 22 6 22
5 21 5 22
3 19 3 20
3 5 3 6
4 5 3 5
4 6 4 5
13 9 13 10
23 11 23 10
4 9 5 9
21 12 20 12
21 13 21 12
21 24 21 23
11 7 10 7
11 8 11 7
10 8 11 8
4 20 4 19
6 10 7 10
11 5 10 5
11 6 12 6
2 19 1 19
1 18 2 18
2 18 2 19
3 17 3 16
19 18 19 17
9 15 10 15
9 9 9 10
0 20 1 20
10 9 10 8
0 16 1 16
23 19 23 20
0 14 0 15
1 19 0 19
24 19 23 19
23 22 22 22
10 14 9 14
12 19 12 20
11 19 12 19
10 19 11 19
10 18 10 19
5 13 5 14
22 3 21 3
1 7 1 8
16 18 16 17
17 18 16 18
2 6 2 7
18 12 19 12
3 16 2 16
7 17 7 18
12 5 13 5
6 11 6 12
4 17 3 17
6 21 5 21
6 20 6 21
7 19 6 19
22 0 23 0
14 11 15 11
0 12 0 11
5 17 5 16
0 3 0 2
20 7 20 8
19 7 20 7
19 8 19 7
7 16 7 17
11 24 10 24
11 0 12 0
11 1 11 0
12 1 11 1
24 18 24 19
23 18 24 18
23 19 23 18
23 0 24 0
24 1 23 1
18 14 18 15
4 18 4 17
9 11 9 12
10 11 9 11
13 23 13 22
10 17 10 16
2 3 3 3
0 8 0 9
1 8 0 8
1 9 1 8
9 22 10 22
5 14 5 15
4 14 5 14
12 3 12 2
18 20 19 20
18 21 18 20
20 20 20 21
21 20 20 20
15 5 15 6
14 24 14 23
15 24 14 24
15 23 15 24
23 21 24 21
10 12 10 13
1 10 1 9
2 10 1 10
2 9 2 10
5 10 6 10
5 11 5 10
10 22 10 21
4 16 4 15
23 17 24 17
23 16 23 17
24 16 23 16
23 17 22 17
20 20 20 19
20 19 21 19
1 3 0 3
1 2 1 3
0 2 1 2
10 21 11 21
15 12 16 12
20 21 20 20
1 12 2 12
0 0 1 0
5 14 6 14
5 15 5 14
15 18 15 17
14 18 15 18
4 12 4 13
3 12 4 12
14 5 15 5
14 4 14 5
15 4 14 4
9 17 9 16
8 17 9 17
8 16 8 17
13 16 14 16
9 18 8 18
8 19 9 19
15 3 15 2
16 2 16 3
8 23 8 24
3 13 3 12
2 13 3 13
2 12 2 13
5 21 4 21
5 22 5 21
9 23 9 22
10 23 9 23
11 23 11 24
10 24 10 23
16 15 17 15
11 19 11 20
16 14 16 15
17 14 16 14
12 19 11 19
8 5 9 5
8 4 8 5
9 4 8 4
17 15 17 14
10 4 9 4
10 5 10 4
9 5 10 5
16 15 17 15
16 14 16 15
17 14 16 14
17 15 17 14
16 15 17 15
16 14 16 15
17 14 16 14
17 15 17 14
16 15 17 15
16 14 16 15
17 14 16 14
17 15 17 14
16 15 17 15
16 14 16 15
109
6 0 3 0
3 3 3 0
4 3 3 3
3 5 3 3
4 5 3 5
1 5 3 5
1 8 1 5
0 8 1 8
1 9 1 8
7 3 4 3
8 3 7 3
9 3 8 3
9 2 9 3
11 3 9 3
7 6 7 3
11 7 11 3
7 10 7 6
7 11 7 10
8 11 7 11
8 12 8 11
9 11 8 11
9 12 8 12
16 3 11 3
16 4 16 3
16 0 16 3
19 4 16 4
19 2 19 4
20 2 19 2
20 0 20 2
22 4 19 4
22 5 22 4
22 2 22 4
24 5 22 5
16 9 16 4
18 9 16 9
20 9 18 9
20 8 20 9
16 12 16 9
16 15 16 12
17 15 16 15
17 14 17 15
17 17 17 15
19 14 17 14
19 13 19 14
19 12 19 13
14 15 16 15
14 14 14 15
12 15 14 15
12 17 12 15
12 18 12 17
22 13 19 13
23 13 22 13
23 15 23 13
19 17 19 14
20 17 19 17
19 19 19 17
19 20 19 19
19 21 19 20
21 19 19 19
22 19 21 19
17 21 19 21
17 22 17 21
21 22 21 19
22 22 21 22
21 23 21 22
8 18 12 18
7 18 8 18
7 17 7 18
6 18 7 18
6 17 7 17
4 17 6 17
3 17 4 17
7 20 7 18
7 21 7 20
8 20 7 20
8 21 7 21
8 22 8 21
9 22 8 22
8 24 8 22
9 24 8 24
11 22 9 22
11 24 9 24
13 22 11 22
3 15 3 17
4 15 3 15
3 13 3 15
4 13 3 13
2 13 3 13
3 12 3 13
4 12 4 13
6 13 4 13
0 15 3 15
13 5 13 4
14 4 13 4
14 5 13 5
14 6 14 5
13 6 13 5
15 6 14 6
12 6 13 6
13 8 13 6
13 10 13 8
13 11 13 10
15 11 13 11
15 10 15 11
13 13 13 11
10 13 13 13
10 15 10 13
10 16 10 15
8 15 10 15
