388
16 9 16 8
26 16 27 16
7 14 6 14
27 16 27 17
13 19 13 20
14 19 13 19
25 12 25 13
14 12 14 13
25 14 24 14
14 8 13 8
2 22 2 21
26 3 26 4
25 3 26 3
16 12 16 13
2 12 2 13
25 2 25 1
26 2 25 2
23 24 23 23
24 24 23 24
24 23 24 24
10 8 10 7
2 20 2 19
16 20 16 21
11 16 11 15
16 18 16 19
17 18 16 18
26 9 26 10
22 13 22 14
9 9 8 9
2 21 2 20
8 16 9 16
9 15 8 15
17 19 17 18
16 19 16 20
9 13 10 13
19 7 18 7
12 8 11 8
2 20 1 20
19 6 19 7
18 6 19 6
3 25 2 25
2 26 3 26
26 8 26 9
8 8 7 8
11 21 10 21
25 11 24 11
13 21 12 21
22 20 22 21
23 9 23 8
24 9 23 9
7 20 8 20
7 21 7 20
10 21 10 22
4 8 5 8
26 14 25 14
24 20 25 20
24 19 24 20
25 19 24 19
8 7 8 8
1 8 1 9
23 20 22 20
7 17 8 17
14 13 14 14
9 16 9 15
14 14 13 14
5 22 4 22
16 3 15 3
8 14 7 14
6 9 6 8
18 1 18 0
5 18 5 17
4 11 3 11
4 10 4 11
7 12 6 12
11 14 12 14
7 6 6 6
11 13 11 14
10 13 11 13
10 14 10 13
8 12 7 12
1 10 2 10
5 5 5 4
16 27 16 28
5 10 4 10
16 13 16 14
8 13 8 14
26 19 25 19
26 18 26 19
4 22 3 22
14 21 14 22
13 13 14 13
27 19 28 19
20 9 20 10
18 10 18 11
17 11 17 10
8 6 7 6
25 22 24 22
19 2 19 1
11 11 10 11
17 22 18 22
10 3 11 3
8 11 8 12
11 14 10 14
11 13 11 14
26 19 27 19
10 1 10 0
17 6 16 6
26 27 25 27
27 26 28 26
13 14 13 13
16 21 17 21
16 22 16 21
26 26 27 26
20 12 21 12
14 5 14 4
26 22 25 22
16 6 16 5
11 1 10 1
12 10 11 10
22 23 22 24
23 23 22 23
20 8 21 8
12 13 12 12
8 4 9 4
7 2 6 2
21 9 20 9
22 27 22 26
21 27 22 27
21 26 21 27
12 0 12 1
10 13 11 13
10 12 10 13
11 12 10 12
5 6 4 6
6 15 7 15
20 3 19 3
13 20 14 20
13 19 13 20
5 28 5 27
7 13 8 13
7 14 7 13
15 7 14 7
6 14 6 15
15 6 16 6
4 14 3 14
28 7 27 7
2 17 2 16
14 1 13 1
27 5 27 4
28 5 27 5
13 1 13 0
27 4 28 4
27 5 27 4
6 5 5 5
7 24 7 23
1 2 2 2
7 22 6 22
7 23 7 22
21 3 21 2
0 2 1 2
7 5 6 5
7 22 7 21
2 2 2 1
1 2 2 2
20 16 19 16
9 4 10 4
9 3 9 4
21 8 22 8
13 18 13 17
21 10 21 9
20 10 21 10
20 9 20 10
12 23 12 24
13 23 12 23
2 2 2 3
19 19 18 19
2 3 2 4
17 24 16 24
14 24 13 24
3 2 4 2
8 23 7 23
19 22 19 21
7 27 8 27
0 3 0 2
22 20 21 20
22 21 21 21
5 2 5 1
4 9 3 9
3 8 4 8
4 2 4 1
27 18 28 18
2 18 2 17
0 2 1 2
18 20 19 20
2 15 1 15
0 8 1 8
18 11 17 11
18 12 18 11
18 19 17 19
1 9 1 10
2 9 1 9
2 10 2 9
26 15 26 16
7 16 7 17
8 17 8 16
5 19 5 18
17 12 16 12
17 11 17 12
6 1 6 0
7 1 6 1
7 0 7 1
9 1 8 1
9 0 9 1
12 6 12 5
10 20 9 20
16 21 15 21
15 22 16 22
12 25 12 26
2 13 3 13
11 2 11 1
3 4 4 4
4 13 4 14
3 13 4 13
22 15 22 16
24 25 24 26
2 14 2 15
0 20 0 21
22 14 22 15
21 14 22 14
21 15 21 14
22 19 22 20
23 19 22 19
25 2 25 3
26 1 26 2
27 12 26 12
19 18 19 19
18 18 19 18
18 17 18 18
17 17 18 17
17 18 17 17
16 6 17 6
10 2 11 2
10 1 10 2
5 27 6 27
5 26 5 27
24 7 25 7
21 16 20 16
1 8 2 8
1 9 1 8
2 9 1 9
3 16 3 17
2 16 3 16
24 26 24 27
6 27 7 27
14 27 14 28
28 21 27 21
10 9 9 9
20 1 20 0
19 12 18 12
24 22 23 22
3 14 3 15
21 1 21 0
23 21 22 21
23 22 23 21
22 22 23 22
6 22 7 22
6 23 6 22
7 23 6 23
3 16 4 16
3 15 3 16
10 11 9 11
7 22 7 23
4 16 4 17
5 16 4 16
5 17 5 16
19 4 20 4
17 13 18 13
17 14 17 13
24 14 24 15
23 0 23 1
26 25 26 24
6 22 7 22
7 21 6 21
17 21 17 22
16 22 16 21
23 24 23 23
24 24 23 24
4 11 5 11
19 26 20 26
22 20 23 20
17 25 17 24
15 14 15 15
16 14 15 14
16 15 16 14
23 3 23 4
22 3 23 3
12 21 11 21
6 23 6 22
25 1 26 1
11 8 11 9
6 26 5 26
6 25 6 26
5 25 6 25
27 25 26 25
6 25 6 24
5 24 5 25
23 6 22 6
5 27 6 27
24 12 23 12
24 11 24 12
24 21 24 22
10 0 9 0
9 1 10 1
5 12 5 13
14 15 14 14
11 27 11 28
10 27 10 28
9 2 9 1
17 1 18 1
11 5 10 5
23 10 23 11
22 10 23 10
22 11 22 10
18 2 19 2
18 3 18 2
19 3 18 3
13 15 13 14
15 19 14 19
15 18 15 19
14 18 15 18
18 0 19 0
18 1 18 0
19 1 18 1
10 1 10 0
12 1 13 1
12 2 12 1
13 2 12 2
14 19 14 18
24 20 24 21
23 20 24 20
23 21 23 20
24 3 24 4
22 5 22 4
23 5 22 5
4 12 5 12
4 13 4 12
6 16 7 16
8 18 8 17
16 10 15 10
13 28 13 27
4 12 4 11
5 12 4 12
5 11 5 12
12 26 11 26
9 5 9 6
20 16 20 17
12 27 11 27
4 11 5 11
1 8 1 7
1 9 1 8
0 9 1 9
12 1 12 0
14 16 14 15
15 16 14 16
15 15 15 16
13 6 14 6
4 12 4 11
5 12 4 12
5 11 5 12
4 11 5 11
4 10 4 11
5 13 4 13
15 14 15 15
14 14 15 14
14 15 14 14
14 16 14 15
5 12 5 13
4 12 5 12
4 13 4 12
5 13 4 13
15 16 14 16
15 15 15 16
14 15 15 15
14 16 14 15
15 16 14 16
15 15 15 16
14 15 15 15
14 16 14 15
111
5 12 4 12
4 13 4 12
5 11 5 12
4 14 4 13
6 12 5 12
6 13 6 12
7 13 6 13
6 15 6 13
5 9 5 11
5 8 5 9
1 14 4 14
0 14 1 14
1 15 1 14
0 15 0 14
6 18 6 15
5 18 6 18
3 18 5 18
1 18 3 18
8 9 5 9
8 8 8 9
8 5 8 8
6 5 8 5
8 3 8 5
6 2 6 5
11 3 8 3
1 2 6 2
1 1 1 2
5 23 5 18
5 25 5 23
5 26 5 25
3 26 5 26
13 8 8 8
15 8 13 8
16 8 15 8
13 12 13 8
15 3 15 8
18 3 15 3
18 2 18 3
18 1 18 2
18 0 18 1
18 5 18 3
18 7 18 5
15 1 18 1
13 1 15 1
23 3 18 3
23 4 23 3
23 1 23 3
25 3 23 3
25 5 25 3
26 5 25 5
13 25 5 25
14 25 13 25
13 27 13 25
14 23 14 25
14 22 14 23
15 27 13 27
17 27 15 27
17 26 17 27
19 27 17 27
17 24 17 26
17 23 17 24
17 22 17 23
21 27 19 27
17 19 17 22
15 19 17 19
15 18 15 19
14 18 15 18
15 16 15 18
15 15 15 16
14 15 15 15
12 15 14 15
11 15 12 15
19 16 15 16
19 15 19 16
22 16 19 16
22 15 22 16
23 15 22 15
24 15 23 15
24 16 24 15
26 16 24 16
28 16 26 16
24 12 24 15
23 12 24 12
24 10 24 12
26 12 24 12
24 8 24 10
27 8 24 8
28 8 27 8
22 19 22 16
22 21 22 19
21 21 22 21
10 22 14 22
26 24 26 16
27 24 26 24
26 25 26 24
23 24 26 24
26 28 26 25
27 28 26 28
16 18 16 17
18 18 16 18
18 22 18 18
20 22 18 22
20 25 20 22
18 25 20 25
23 22 20 22
24 22 23 22
23 23 23 22
25 22 24 22
24 21 24 22
25 23 25 22
25 21 24 21
