85
7 0 7 1
4 0 4 1
5 0 4 0
5 1 5 0
4 1 5 1
4 0 4 1
2 1 2 0
1 1 2 1
1 0 1 1
1 5 1 6
1 4 1 5
0 4 1 4
16 16 15 16
16 17 16 16
17 17 16 17
17 16 17 17
16 16 17 16
1 13 1 14
3 10 3 9
6 14 7 14
6 15 6 14
17 10 16 10
7 15 6 15
4 14 4 13
3 14 4 14
3 13 3 14
15 0 14 0
9 5 9 4
10 15 10 14
8 12 7 12
13 16 12 16
14 9 14 10
16 13 16 14
5 11 6 11
12 8 13 8
16 10 16 9
3 8 3 7
4 8 3 8
13 0 12 0
12 9 13 9
9 13 9 14
3 7 2 7
15 3 15 4
10 1 11 1
10 2 10 1
11 2 10 2
11 4 12 4
16 4 16 3
12 1 13 1
10 6 9 6
10 7 10 6
9 7 10 7
5 7 5 6
5 5 6 5
7 17 7 16
6 16 6 17
3 5 3 6
9 11 9 12
15 9 14 9
14 12 14 13
10 3 11 3
10 2 10 3
16 5 15 5
16 6 16 5
15 6 16 6
1 8 2 8
11 1 12 1
10 0 9 0
0 8 1 8
8 10 8 11
7 10 8 10
7 8 7 7
6 8 7 8
6 2 7 2
7 3 6 3
12 11 11 11
12 10 12 11
11 10 12 10
1 11 2 11
0 11 1 11
0 10 0 11
1 10 0 10
10 5 9 5
10 4 10 5
9 4 10 4
114
0 5 0 3
1 5 0 5
2 5 1 5
2 7 2 5
2 8 2 7
1 8 2 8
2 9 2 8
1 9 1 8
3 8 2 8
3 9 2 9
3 11 3 9
3 12 3 11
2 11 3 11
2 12 3 12
1 11 2 11
1 12 2 12
1 14 1 12
2 14 1 14
2 15 2 14
3 14 2 14
2 16 2 15
4 14 3 14
3 16 2 16
5 14 4 14
3 17 3 16
6 14 5 14
7 14 6 14
5 16 3 16
7 16 7 14
7 12 7 14
9 14 7 14
10 14 9 14
4 5 2 5
10 16 10 14
10 17 10 16
12 16 10 16
12 15 12 16
14 16 12 16
15 16 14 16
14 17 14 16
15 17 15 16
15 15 15 16
17 16 15 16
17 17 17 16
6 5 4 5
8 5 6 5
9 5 8 5
8 6 8 5
10 5 9 5
9 6 8 6
8 7 8 6
10 6 10 5
7 7 8 7
7 8 7 7
7 9 7 8
12 5 10 5
13 5 12 5
12 4 12 5
6 3 6 5
9 12 7 12
12 2 12 4
12 1 12 2
12 0 12 1
11 0 12 0
12 7 12 5
8 3 6 3
9 3 8 3
8 2 8 3
9 2 9 3
14 0 12 0
9 0 11 0
15 13 15 15
15 12 15 13
14 13 15 13
12 13 14 13
12 11 12 13
12 10 12 11
13 10 12 10
14 10 13 10
15 10 14 10
14 3 14 0
16 3 14 3
16 2 16 3
17 3 16 3
17 2 16 2
17 4 17 3
17 5 17 4
16 5 17 5
17 6 17 5
16 6 16 5
17 7 17 6
16 7 16 6
17 8 17 7
15 7 16 7
6 0 9 0
5 0 6 0
3 0 5 0
2 0 3 0
0 0 2 0
4 6 3 6
5 6 4 6
7 6 5 6
4 9 4 6
4 10 4 9
5 10 4 10
4 11 4 10
4 13 4 11
6 11 4 11
6 13 4 13
2 13 4 13
8 11 6 11
8 10 8 11
8 9 8 10
8 8 8 9
