165
3 9 2 9
2 34 1 34
12 21 12 22
0 16 1 16
4 15 4 16
32 19 33 19
5 29 6 29
29 32 29 33
33 32 33 31
5 16 5 15
23 0 24 0
31 16 31 17
31 17 30 17
21 24 21 23
31 0 32 0
6 3 5 3
7 19 6 19
25 6 26 6
22 3 22 4
32 5 32 4
9 5 9 6
17 7 16 7
33 10 33 11
33 5 32 5
9 31 8 31
32 34 32 33
22 9 22 10
1 13 0 13
0 12 1 12
20 6 20 5
14 13 13 13
30 0 29 0
5 3 5 4
10 0 9 0
17 17 17 16
17 12 18 12
2 1 2 2
13 24 13 25
10 31 9 31
23 3 22 3
23 4 23 3
16 28 16 27
10 30 9 30
11 22 11 21
6 29 6 28
12 22 11 22
2 9 2 8
1 34 1 33
2 33 2 34
0 29 1 29
7 6 7 7
3 19 2 19
29 17 28 17
14 9 14 8
11 15 11 14
13 13 13 14
23 28 22 28
26 4 25 4
18 19 19 19
31 2 31 3
28 17 28 18
27 17 28 17
22 8 22 7
23 17 22 17
12 33 13 33
14 3 14 2
5 25 6 25
22 18 23 18
17 16 16 16
34 32 33 32
19 27 19 28
27 23 27 24
18 26 19 26
14 24 15 24
4 19 4 18
20 8 21 8
3 14 2 14
8 31 8 32
18 30 17 30
13 33 14 33
13 32 13 33
14 32 13 32
11 22 11 23
19 18 19 17
27 12 27 11
32 20 32 19
20 3 20 2
28 12 27 12
27 20 26 20
33 11 32 11
0 2 1 2
16 30 16 31
15 31 15 30
33 19 33 18
1 19 1 18
25 26 26 26
24 16 23 16
28 26 29 26
5 20 5 19
0 27 1 27
27 6 27 7
3 4 2 4
19 5 18 5
25 31 25 32
26 31 25 31
12 1 13 1
14 26 14 25
4 18 3 18
19 17 20 17
30 9 29 9
7 12 6 12
3 30 3 29
15 15 15 14
15 13 14 13
9 8 9 7
10 13 9 13
34 7 33 7
3 29 3 28
29 19 30 19
22 4 21 4
5 31 6 31
25 28 25 29
32 5 32 6
4 16 3 16
1 31 2 31
20 22 21 22
14 1 15 1
26 6 26 5
27 9 26 9
10 33 10 32
3 8 3 9
19 23 18 23
25 9 25 8
23 12 23 13
32 11 32 12
25 24 25 25
11 21 12 21
28 7 29 7
2 31 2 32
28 24 29 24
8 32 7 32
10 18 9 18
7 7 8 7
33 3 33 4
16 5 15 5
26 34 25 34
13 16 13 15
31 11 31 12
22 28 22 29
34 17 34 16
3 28 2 28
30 29 30 30
8 12 9 12
12 31 13 31
13 31 13 30
11 4 12 4
8 21 7 21
8 10 7 10
27 7 26 7
29 26 29 27
23 16 23 17
8 11 7 11
16 16 16 15
16 11 16 12
28 1 27 1
134
0 6 0 3
0 9 0 6
1 9 0 9
0 11 0 9
3 9 1 9
3 10 3 9
4 10 3 10
0 13 0 11
7 10 4 10
7 11 7 10
7 16 7 11
3 16 7 16
1 16 3 16
3 18 3 16
1 18 1 16
1 20 1 18
1 22 1 20
1 27 1 22
3 27 1 27
3 25 3 27
6 25 3 25
6 28 6 25
6 31 6 28
6 33 6 31
9 31 6 31
9 30 9 31
9 33 9 31
9 28 9 30
12 28 9 28
13 28 12 28
13 30 13 28
15 30 13 30
13 32 13 30
17 30 15 30
17 28 17 30
17 32 17 30
19 28 17 28
19 32 17 32
19 26 19 28
19 34 19 32
19 24 19 26
19 21 19 24
19 19 19 21
17 19 19 19
15 19 17 19
15 20 15 19
15 24 19 24
11 24 15 24
1 33 6 33
17 14 17 19
17 13 17 14
15 14 17 14
13 14 15 14
17 9 17 13
17 5 17 9
15 5 17 5
15 3 15 5
15 1 15 3
15 0 15 1
13 1 15 1
13 0 13 1
25 32 19 32
25 34 25 32
9 18 3 18
13 18 9 18
9 22 9 18
25 21 19 21
25 25 25 21
27 25 25 25
27 24 27 25
30 25 27 25
30 26 30 25
31 26 30 26
30 30 30 26
31 30 30 30
30 19 30 25
7 1 13 1
7 3 7 1
24 9 17 9
22 3 15 3
23 3 22 3
30 3 23 3
31 3 30 3
31 6 31 3
32 6 31 6
31 12 31 6
32 12 31 12
34 12 32 12
32 14 32 12
32 16 32 14
34 16 32 16
27 12 31 12
27 11 27 12
27 16 27 12
20 12 27 12
20 11 20 12
33 32 25 32
9 6 0 6
27 1 15 1
30 18 29 18
30 17 30 18
33 18 30 18
33 21 33 18
33 22 33 21
33 25 33 22
31 25 33 25
31 20 31 25
33 31 33 25
28 31 33 31
28 29 28 31
27 29 28 29
25 29 27 29
25 31 25 29
22 29 25 29
22 22 22 29
21 22 22 22
21 23 21 22
21 25 21 23
23 17 23 13
23 18 23 17
24 18 23 18
25 18 24 18
23 20 23 18
28 18 25 18
28 17 28 18
28 21 28 18
29 21 28 21
26 21 28 21
29 24 29 21
9 7 8 7
10 7 9 7
10 12 10 7
16 7 10 7
16 8 16 7
