366
21 22 21 21
9 23 9 22
15 11 15 12
12 7 11 7
15 23 16 23
8 12 8 13
12 11 11 11
30 4 29 4
16 18 16 19
7 12 8 12
8 13 7 13
17 5 17 6
1 4 1 3
0 3 0 4
5 6 5 5
15 21 15 20
15 20 15 19
22 30 22 29
23 15 24 15
21 14 21 15
18 14 18 13
1 16 1 17
30 20 31 20
12 17 12 18
25 18 26 18
22 4 22 5
14 14 13 14
26 11 27 11
21 15 20 15
13 14 13 15
17 11 18 11
16 14 17 14
22 16 23 16
25 17 24 17
7 27 7 26
5 7 4 7
26 7 27 7
25 9 25 10
2 7 2 6
21 16 21 15
30 16 31 16
7 28 7 27
20 7 19 7
19 6 20 6
15 19 14 19
9 28 9 29
15 12 15 13
17 28 18 28
16 10 15 10
13 16 12 16
6 8 5 8
6 29 6 28
20 15 19 15
25 29 25 30
2 6 2 5
0 31 1 31
11 24 12 24
27 21 27 22
15 17 16 17
11 21 10 21
2 21 3 21
19 18 18 18
23 1 23 2
17 10 17 11
19 7 19 6
25 25 26 25
17 24 16 24
17 23 17 24
16 23 17 23
4 4 3 4
1 31 1 30
8 7 8 8
15 4 16 4
28 31 29 31
28 30 28 31
6 2 5 2
6 1 6 2
14 16 15 16
27 30 27 29
23 14 24 14
8 16 7 16
26 16 25 16
20 23 21 23
0 0 0 1
1 0 0 0
1 1 1 0
13 13 14 13
13 12 13 13
25 11 26 11
25 10 25 11
26 10 25 10
18 21 19 21
18 22 18 21
19 22 18 22
24 23 24 22
17 14 18 14
25 15 26 15
25 14 25 15
17 30 16 30
5 29 6 29
5 28 5 29
6 28 5 28
6 10 7 10
16 19 17 19
8 19 8 20
7 19 8 19
7 27 6 27
29 6 30 6
29 5 29 6
30 5 29 5
5 18 5 17
24 25 23 25
21 15 20 15
4 26 4 27
27 14 27 15
28 5 28 4
29 5 28 5
29 4 29 5
12 16 12 17
9 15 8 15
22 1 22 0
20 16 21 16
9 18 9 19
8 18 9 18
8 19 8 18
7 29 8 29
18 9 18 8
28 18 28 19
20 22 20 23
19 23 19 22
16 22 16 21
11 4 12 4
4 8 3 8
4 7 4 8
3 7 4 7
18 12 17 12
6 20 6 19
0 12 0 11
10 18 10 19
19 2 19 1
6 30 6 31
5 30 6 30
10 1 9 1
9 8 9 7
15 8 16 8
0 16 1 16
0 17 0 16
1 17 0 17
7 23 6 23
24 27 24 26
6 23 5 23
12 3 11 3
6 15 6 14
3 8 3 7
4 8 3 8
4 7 4 8
23 27 23 28
1 21 1 22
0 21 1 21
7 1 6 1
7 2 7 1
6 2 7 2
16 15 16 16
27 20 27 21
28 19 27 19
27 18 28 18
8 2 9 2
5 16 5 15
7 2 8 2
22 18 21 18
11 1 11 0
10 0 10 1
22 17 22 18
20 28 19 28
20 27 20 28
11 2 10 2
9 9 9 8
22 27 22 28
26 27 26 26
29 15 30 15
7 4 7 5
24 6 24 7
12 1 13 1
23 10 24 10
21 2 20 2
28 9 28 8
27 8 27 9
22 3 22 2
21 3 22 3
22 6 22 7
12 2 12 3
13 2 12 2
23 2 24 2
13 9 13 10
23 6 23 7
24 5 24 6
28 28 27 28
24 26 24 25
23 25 23 26
7 10 7 9
23 3 23 2
12 29 12 30
10 14 9 14
26 26 27 26
10 13 11 13
27 28 26 28
27 12 28 12
8 17 8 16
21 18 21 17
22 18 21 18
22 8 21 8
2 20 2 19
1 20 2 20
11 7 11 6
1 21 1 20
20 1 20 0
13 27 14 27
6 12 7 12
9 7 10 7
1 7 1 6
0 7 1 7
30 19 30 20
21 18 21 19
20 18 21 18
31 9 30 9
16 24 16 25
15 3 14 3
6 9 6 10
23 4 23 5
9 10 9 9
25 1 25 0
13 29 14 29
14 30 13 30
20 17 20 18
22 12 22 11
13 23 14 23
15 22 15 23
7 3 8 3
29 0 28 0
9 9 8 9
28 0 27 0
28 1 28 0
27 1 28 1
12 25 13 25
14 6 13 6
27 25 27 24
27 13 27 14
4 31 4 30
27 26 27 25
28 25 28 26
20 21 20 20
19 1 18 1
5 2 4 2
31 8 31 9
30 8 31 8
30 9 30 8
9 4 8 4
9 3 9 4
8 3 9 3
5 25 5 24
18 28 18 27
10 5 10 4
3 13 3 12
4 13 3 13
28 4 29 4
28 3 28 4
10 23 11 23
9 1 9 0
31 5 31 4
20 11 21 11
22 15 22 14
12 2 11 2
20 8 20 9
4 22 4 23
19 21 19 20
12 14 13 14
29 23 29 24
28 23 29 23
20 25 19 25
20 26 20 25
19 26 20 26
1 7 1 8
17 0 16 0
20 28 21 28
20 29 20 28
30 6 31 6
26 23 26 24
27 16 27 17
11 14 12 14
5 0 5 1
18 21 19 21
11 9 12 9
26 2 25 2
10 9 10 10
28 4 27 4
25 0 26 0
22 19 22 18
21 19 22 19
13 15 12 15
30 24 30 25
31 24 30 24
6 21 6 22
7 9 7 8
21 21 22 21
21 23 22 23
29 4 30 4
5 22 4 22
5 21 5 22
17 23 17 22
0 28 0 27
1 13 2 13
1 14 1 13
29 31 30 31
14 19 13 19
3 26 4 26
3 27 3 26
4 27 3 27
5 10 4 10
20 9 21 9
15 30 15 31
16 30 15 30
16 31 16 30
13 24 14 24
13 25 13 24
15 23 15 24
13 7 13 8
17 24 17 23
14 7 13 7
8 30 9 30
8 31 8 30
9 31 8 31
13 20 12 20
14 23 15 23
14 24 14 23
15 24 14 24
15 23 15 24
14 23 15 23
14 24 14 23
15 24 14 24
15 23 15 24
14 23 15 23
14 8 15 8
25 11 24 11
12 31 11 31
14 11 14 10
13 11 14 11
29 21 28 21
16 25 16 26
15 25 16 25
15 26 15 25
21 10 20 10
26 15 26 16
28 2 28 3
14 10 14 9
15 10 14 10
15 9 15 10
20 10 20 9
18 11 18 10
0 14 0 15
9 5 9 6
14 24 14 23
30 2 31 2
30 3 30 2
24 14 25 14
24 15 24 14
25 15 24 15
133
3 1 0 1
3 0 3 1
5 1 3 1
6 1 5 1
6 3 6 1
3 4 3 1
0 4 3 4
3 7 3 4
10 7 3 7
10 4 10 7
12 4 10 4
12 3 12 4
12 5 12 4
14 3 12 3
14 5 12 5
10 10 10 7
8 10 10 10
8 9 8 10
12 10 10 10
12 9 12 10
8 12 8 10
14 9 12 9
16 9 14 9
16 11 16 9
17 11 16 11
14 11 16 11
8 15 8 12
8 16 8 15
5 15 8 15
11 15 8 15
20 9 16 9
21 9 20 9
21 8 21 9
23 9 21 9
23 8 23 9
16 16 16 11
15 16 16 16
19 5 14 5
20 15 20 9
24 15 20 15
24 14 24 15
24 17 24 15
27 15 24 15
27 17 27 15
27 19 27 17
29 19 27 19
31 19 29 19
31 16 31 19
29 16 31 16
29 12 29 16
31 10 31 16
30 10 31 10
30 8 30 10
31 8 30 8
31 6 31 8
31 4 31 6
30 4 31 4
31 2 31 4
30 2 31 2
29 2 30 2
21 1 21 8
24 1 21 1
15 23 15 16
14 23 15 23
15 24 15 23
15 25 15 24
14 25 15 25
15 27 15 25
16 27 15 27
18 27 16 27
15 30 15 27
15 31 15 30
16 30 15 30
13 30 15 30
13 31 13 30
18 30 16 30
11 31 13 31
11 28 11 31
18 24 15 24
11 23 14 23
8 23 11 23
8 21 8 23
11 20 11 23
12 20 11 20
3 21 8 21
3 22 3 21
3 24 3 22
2 24 3 24
3 25 3 24
0 24 2 24
23 30 18 30
25 30 23 30
29 30 25 30
5 28 11 28
5 29 5 28
5 31 5 29
31 27 18 27
17 15 17 12
19 15 17 15
19 16 19 15
19 19 19 16
17 19 19 19
22 19 19 19
23 19 22 19
23 18 23 19
22 21 22 19
22 23 22 21
26 18 23 18
26 16 26 18
26 21 26 18
27 21 26 21
28 21 27 21
30 21 28 21
30 20 30 21
31 21 30 21
17 22 17 19
22 26 22 23
21 26 22 26
23 26 22 26
20 26 21 26
20 25 20 26
25 26 23 26
17 26 20 26
28 26 25 26
22 0 20 0
26 0 22 0
26 5 26 0
26 6 26 5
26 8 26 6
28 8 26 8
23 5 26 5
28 11 28 8
28 12 28 11
