86
23 15 23 14
13 15 13 14
15 1 15 2
15 0 15 1
0 3 1 3
21 2 21 1
22 2 22 3
23 3 23 2
8 23 8 22
14 22 14 23
11 15 12 15
7 3 8 3
11 11 11 10
3 23 3 22
8 7 8 8
1 7 0 7
2 11 1 11
18 15 18 16
21 13 21 14
4 20 4 19
10 0 10 1
5 6 6 6
21 14 22 14
6 7 5 7
6 8 6 7
6 9 6 10
3 9 2 9
9 14 8 14
12 9 11 9
13 16 13 15
6 7 7 7
12 21 12 22
16 6 17 6
22 21 21 21
22 22 22 21
19 2 20 2
11 7 11 6
7 15 7 16
22 11 22 10
4 14 4 13
11 1 11 2
2 1 1 1
18 17 19 17
18 18 18 17
19 13 19 14
16 13 16 12
9 3 10 3
10 4 9 4
9 15 8 15
15 2 14 2
14 7 13 7
14 6 14 7
13 6 14 6
9 9 8 9
14 11 14 10
3 17 2 17
7 22 6 22
7 21 7 22
10 16 10 17
4 9 4 8
15 18 14 18
16 15 15 15
18 4 19 4
11 4 12 4
16 9 17 9
13 14 14 14
6 13 7 13
14 1 14 0
13 1 14 1
16 16 15 16
16 11 17 11
8 12 7 12
18 3 18 2
14 7 14 8
2 19 3 19
21 17 22 17
3 5 3 6
18 8 17 8
10 3 11 3
17 11 17 12
5 21 5 20
2 15 1 15
17 3 17 2
6 22 6 21
15 9 14 9
3 1 3 0
113
1 1 1 0
1 2 1 1
1 3 1 2
3 0 1 0
3 2 3 0
6 0 3 0
3 6 3 2
3 8 3 6
4 8 3 8
6 6 3 6
8 8 4 8
8 9 8 8
11 9 8 9
11 10 11 9
14 9 11 9
14 8 14 9
14 10 14 9
14 6 14 8
14 5 14 6
14 12 14 10
15 12 14 12
16 12 15 12
17 12 16 12
14 14 14 12
16 14 16 12
17 14 16 14
17 10 17 12
17 9 17 10
17 8 17 9
19 14 17 14
20 14 19 14
17 6 17 8
22 14 20 14
23 14 22 14
14 2 14 5
14 1 14 2
14 0 14 1
13 0 14 0
20 10 17 10
22 10 20 10
22 17 22 14
20 17 22 17
19 17 20 17
18 17 19 17
22 19 22 17
22 20 22 19
11 6 14 6
19 20 19 17
20 20 19 20
18 20 19 20
18 22 18 20
18 23 18 22
19 23 18 23
20 23 19 23
16 22 18 22
23 23 20 23
23 22 23 23
11 3 11 6
11 2 11 3
10 2 11 2
17 2 14 2
18 2 17 2
20 2 18 2
18 0 18 2
20 0 20 2
23 2 20 2
23 4 23 2
21 4 23 4
14 18 14 14
12 22 16 22
11 22 12 22
12 20 12 22
11 20 12 20
8 14 8 9
8 15 8 14
6 14 8 14
6 15 6 14
3 14 6 14
3 15 3 14
3 13 3 14
1 15 3 15
1 13 3 13
1 17 1 15
1 11 1 13
3 19 3 15
4 19 3 19
3 21 3 19
3 22 3 21
4 21 3 21
4 22 3 22
4 23 4 22
6 21 4 21
6 23 4 23
8 21 6 21
9 23 6 23
0 22 3 22
0 21 0 22
0 19 3 19
11 16 11 10
7 17 7 16
9 17 7 17
10 17 9 17
11 17 10 17
10 15 10 17
11 19 11 17
10 13 10 15
10 20 10 17
9 20 10 20
10 22 10 20
9 22 10 22
8 22 9 22
7 22 8 22
5 20 9 20
