181
16 7 15 7
21 3 21 2
2 31 2 30
1 12 0 12
0 12 0 11
1 11 1 12
15 7 15 6
3 23 4 23
0 18 1 18
13 7 12 7
3 29 3 30
2 30 2 29
1 26 2 26
2 26 3 26
2 27 2 26
12 2 12 1
1 23 1 22
16 25 15 25
19 28 19 29
13 17 13 16
24 31 24 30
16 23 17 23
14 18 13 18
14 6 14 5
15 6 14 6
27 9 26 9
8 9 8 10
30 1 31 1
30 3 31 3
28 0 28 1
27 11 26 11
22 21 22 22
16 11 16 10
9 1 9 2
13 29 13 28
15 4 16 4
12 1 11 1
12 27 11 27
9 27 9 26
1 14 1 15
27 15 28 15
27 16 27 15
8 8 8 9
13 13 14 13
6 16 5 16
12 13 13 13
31 25 30 25
8 4 8 5
24 26 24 27
29 20 29 19
18 7 19 7
5 4 5 3
4 1 4 0
19 9 18 9
18 3 19 3
26 17 26 18
24 7 24 8
26 18 27 18
13 16 12 16
20 16 19 16
22 22 21 22
10 11 9 11
8 3 7 3
30 21 30 20
11 20 11 21
20 26 21 26
11 21 12 21
17 31 16 31
14 11 15 11
22 31 21 31
13 18 13 19
8 14 9 14
9 26 8 26
25 10 24 10
14 0 14 1
26 30 26 29
27 15 26 15
24 24 25 24
24 12 24 13
29 18 30 18
17 20 17 19
1 20 1 21
2 21 2 20
13 26 14 26
13 27 13 26
21 10 20 10
30 17 30 16
15 23 15 22
18 17 19 17
18 18 18 17
20 14 21 14
30 25 30 26
14 15 14 14
28 23 27 23
18 23 19 23
9 2 9 3
10 2 9 2
15 17 14 17
0 8 1 8
1 2 1 1
7 7 7 8
14 8 14 9
2 17 1 17
15 8 15 7
19 29 18 29
1 29 1 28
2 29 1 29
11 9 12 9
19 13 19 12
27 23 27 24
23 8 22 8
24 28 25 28
21 11 22 11
21 24 21 25
26 3 26 4
10 25 11 25
23 19 24 19
25 6 25 5
21 13 20 13
20 29 20 30
5 7 5 6
10 21 10 22
11 24 11 23
9 15 8 15
20 30 21 30
21 14 21 15
26 8 26 7
20 31 20 30
15 25 15 26
0 17 0 16
8 12 8 13
28 1 28 2
6 15 6 16
20 24 20 25
1 15 2 15
23 23 23 24
10 4 11 4
25 3 25 4
5 18 5 19
21 21 22 21
26 1 26 2
25 17 25 18
5 3 5 2
5 25 5 26
12 9 12 10
19 27 19 26
6 3 5 3
22 11 22 12
30 30 30 31
17 10 17 11
5 0 6 0
30 13 31 13
19 14 19 15
23 18 22 18
25 5 24 5
27 1 27 0
9 9 10 9
12 21 12 22
19 17 19 18
20 10 20 11
18 29 17 29
6 28 6 27
9 30 9 29
11 31 10 31
19 23 19 24
6 30 6 29
24 10 24 11
31 28 31 29
22 23 22 24
17 6 18 6
12 18 12 17
18 9 18 8
11 6 11 7
26 15 26 14
27 22 27 21
23 27 23 26
28 13 28 14
24 13 24 14
20 13 20 14
18 13 18 14
17 13 17 14
118
6 0 4 0
4 4 4 0
9 4 4 4
11 4 9 4
11 7 11 4
12 7 11 7
12 6 12 7
12 10 12 7
14 10 12 10
14 9 14 10
16 10 14 10
8 10 12 10
8 13 8 10
4 10 8 10
3 10 4 10
1 10 3 10
3 8 3 10
3 7 3 8
1 8 1 10
3 12 3 10
3 13 3 12
4 13 3 13
16 4 11 4
16 1 16 4
14 1 16 1
11 1 14 1
11 0 11 1
12 16 12 10
16 16 12 16
8 16 12 16
6 16 8 16
6 18 6 16
10 18 6 18
10 22 10 18
12 22 10 22
8 22 10 22
12 20 12 22
15 22 12 22
15 24 15 22
14 24 15 24
15 26 15 24
15 27 15 26
14 26 15 26
18 26 15 26
19 26 18 26
19 24 19 26
21 26 19 26
22 24 19 24
23 24 22 24
25 24 23 24
27 24 25 24
29 24 27 24
29 22 29 24
29 21 29 22
27 21 29 21
22 21 22 24
27 18 27 21
25 18 27 18
22 18 22 21
22 16 22 18
30 18 27 18
19 18 22 18
19 16 19 18
27 28 27 24
25 28 27 28
25 30 25 28
24 30 25 30
21 30 24 30
21 31 21 30
20 30 21 30
19 30 20 30
15 30 19 30
4 22 8 22
4 23 4 22
2 23 4 23
2 26 2 23
0 26 2 26
27 13 27 18
12 28 12 22
12 31 12 28
10 31 12 31
3 19 3 13
1 1 1 8
27 6 27 13
28 6 27 6
28 2 28 6
30 2 28 2
26 2 28 2
24 2 26 2
22 2 24 2
21 2 22 2
22 4 22 2
22 5 22 4
24 5 22 5
24 8 24 5
24 9 24 8
25 8 24 8
30 12 30 2
18 8 17 8
18 6 18 8
17 11 17 8
20 11 17 11
17 14 17 11
18 14 17 14
15 14 17 14
15 13 15 14
14 14 15 14
15 12 15 13
14 13 15 13
14 12 15 12
20 14 18 14
17 16 17 14
17 17 17 16
18 17 17 17
17 19 17 17
14 17 17 17
14 19 14 17
12 17 14 17
