288
22 14 22 15
21 14 22 14
2 27 1 27
2 28 2 27
21 25 21 24
14 26 15 26
15 26 15 27
19 14 19 13
17 26 17 25
18 19 19 19
28 23 28 24
23 19 22 19
11 14 10 14
1 27 0 27
0 26 1 26
26 26 27 26
25 11 24 11
26 18 25 18
25 19 26 19
25 22 26 22
25 23 25 22
26 23 25 23
26 24 26 23
23 24 23 23
23 18 23 17
29 22 29 23
21 2 21 1
27 21 28 21
26 22 27 22
20 13 20 12
19 12 18 12
12 14 13 14
20 12 19 12
20 11 20 12
25 12 25 11
24 12 25 12
24 11 24 12
14 10 14 9
29 14 28 14
10 7 11 7
15 17 14 17
24 16 23 16
21 9 21 10
7 5 6 5
12 15 12 14
8 6 8 7
10 8 10 7
11 15 12 15
28 13 29 13
17 21 17 22
10 11 10 10
18 11 18 10
18 12 18 11
5 8 5 9
18 18 18 19
17 18 18 18
4 29 4 28
9 19 9 20
5 2 6 2
14 28 14 27
8 22 9 22
13 1 13 2
29 4 28 4
29 5 29 4
28 5 29 5
13 14 14 14
13 15 13 14
12 25 12 24
6 12 6 11
2 14 3 14
2 13 2 14
22 18 23 18
21 20 21 19
10 20 10 21
20 2 21 2
22 14 23 14
23 14 24 14
23 13 23 14
22 13 22 14
13 5 14 5
8 7 9 7
3 25 3 26
8 29 7 29
13 6 13 7
12 15 13 15
12 14 12 15
13 14 12 14
5 27 5 26
23 26 22 26
23 25 23 26
0 7 1 7
14 7 15 7
10 29 9 29
9 29 8 29
6 6 5 6
3 1 3 2
7 15 7 14
11 5 12 5
11 6 11 5
6 27 6 26
11 17 10 17
1 18 1 19
10 21 11 21
14 14 13 14
13 15 14 15
10 19 10 20
10 20 10 21
9 20 10 20
9 21 9 20
28 16 27 16
9 22 9 21
7 22 7 23
13 11 13 12
8 2 9 2
8 3 8 2
9 3 8 3
19 27 19 26
4 14 5 14
20 6 21 6
22 23 22 22
23 23 22 23
23 18 24 18
12 15 11 15
12 14 12 15
24 18 24 17
16 7 16 6
13 13 12 13
25 2 26 2
25 3 25 2
11 19 11 20
10 20 10 19
24 3 25 3
24 4 24 3
25 4 24 4
18 3 18 4
3 4 2 4
26 7 25 7
2 4 2 5
25 3 25 4
1 21 0 21
0 8 0 9
1 8 0 8
1 9 1 8
22 3 22 4
23 3 22 3
22 1 23 1
22 2 22 1
23 2 22 2
22 19 22 20
24 7 23 7
24 8 24 7
21 17 22 17
16 9 16 10
2 27 1 27
22 17 22 18
4 12 4 11
17 15 18 15
17 16 17 15
8 19 9 19
9 25 8 25
19 18 19 17
17 4 16 4
17 5 17 4
21 24 22 24
22 25 21 25
18 9 17 9
17 1 18 1
28 4 28 5
2 10 3 10
6 25 7 25
12 5 12 6
11 5 12 5
11 4 12 4
13 10 12 10
2 12 3 12
6 17 6 18
10 27 9 27
26 2 27 2
18 15 18 14
26 10 26 9
25 10 26 10
25 9 25 10
6 21 5 21
20 22 20 23
15 15 15 14
2 18 3 18
18 19 18 20
3 18 3 19
18 20 17 20
9 24 9 23
22 12 21 12
17 22 17 23
25 21 24 21
16 25 15 25
1 17 1 18
17 13 16 13
27 9 28 9
4 13 3 13
3 14 4 14
20 4 19 4
2 15 1 15
18 1 18 2
17 2 17 1
4 23 4 22
25 2 24 2
2 17 3 17
7 8 6 8
7 9 7 8
6 9 7 9
18 16 19 16
19 16 20 16
21 18 21 17
7 8 8 8
27 4 26 4
21 12 21 13
19 13 18 13
6 19 7 19
6 18 6 19
7 18 6 18
5 10 4 10
4 11 5 11
10 23 11 23
17 29 17 28
18 29 17 29
19 15 19 16
17 29 16 29
22 4 23 4
1 26 1 25
1 7 1 6
11 2 12 2
12 28 13 28
18 11 17 11
20 15 19 15
24 22 24 23
23 1 23 2
22 1 23 1
22 2 22 1
25 11 24 11
25 10 25 11
24 10 25 10
3 24 2 24
7 19 7 18
24 2 24 1
12 29 12 28
15 19 15 20
14 22 14 21
20 21 21 21
27 2 27 3
22 1 22 0
23 1 22 1
8 18 8 19
7 18 8 18
14 16 15 16
28 24 28 25
0 13 1 13
12 6 11 6
3 26 4 26
4 25 3 25
6 13 6 12
21 5 22 5
21 6 21 5
22 6 21 6
20 16 20 15
6 4 6 3
19 16 20 16
19 15 19 16
20 15 19 15
20 16 20 15
19 16 20 16
19 15 19 16
20 15 19 15
20 16 20 15
19 16 20 16
19 15 19 16
20 15 19 15
20 16 20 15
19 16 20 16
19 15 19 16
20 15 19 15
20 16 20 15
19 16 20 16
19 15 19 16
20 15 19 15
20 16 20 15
19 16 20 16
19 15 19 16
20 15 19 15
20 16 20 15
111
2 9 0 9
4 9 2 9
5 9 4 9
4 10 4 9
7 9 5 9
4 7 4 9
7 12 7 9
6 12 7 12
8 12 7 12
7 6 7 9
7 4 7 6
8 4 7 4
8 3 8 4
0 12 0 9
0 14 0 12
1 14 0 14
1 15 1 14
2 14 1 14
4 14 2 14
1 18 1 15
0 18 1 18
11 3 8 3
11 6 11 3
14 6 11 6
14 5 14 6
14 8 14 6
13 8 14 8
17 8 14 8
14 1 14 5
17 1 14 1
17 3 17 1
20 1 17 1
20 0 20 1
21 1 20 1
21 0 20 0
22 1 21 1
22 0 21 0
22 3 22 1
24 1 22 1
24 3 22 3
26 1 24 1
27 1 26 1
27 3 27 1
20 5 20 1
13 12 13 8
15 12 13 12
13 14 13 12
15 14 15 12
17 12 15 12
15 16 15 14
19 12 17 12
19 11 19 12
13 16 15 16
11 16 13 16
10 16 11 16
11 18 11 16
12 18 11 18
19 15 19 12
19 16 19 15
20 15 19 15
22 15 20 15
20 18 20 15
22 18 20 18
18 18 20 18
22 20 22 18
16 18 18 18
20 20 22 20
25 20 22 20
8 18 11 18
8 19 8 18
6 18 8 18
6 19 6 18
6 22 6 19
4 22 6 22
10 22 6 22
10 25 10 22
8 25 10 25
13 25 10 25
14 25 13 25
14 24 14 25
13 28 13 25
12 28 13 28
13 29 13 28
16 29 13 29
19 29 16 29
19 28 19 29
20 28 19 28
18 24 14 24
22 24 18 24
27 8 27 3
27 24 22 24
27 23 27 24
27 26 27 24
29 23 27 23
29 19 29 23
24 11 19 11
4 28 12 28
1 28 4 28
28 5 28 3
28 7 28 5
28 9 28 7
26 9 28 9
26 6 26 9
26 5 26 6
24 5 26 5
22 5 24 5
22 9 26 9
20 9 22 9
17 9 20 9
17 10 17 9
17 11 17 10
