362
20 21 20 20
20 20 20 19
19 20 20 20
26 20 27 20
2 16 2 17
18 21 18 20
8 6 8 7
27 2 27 1
12 15 12 16
34 20 34 19
17 32 16 32
13 7 12 7
13 23 13 22
8 9 7 9
28 3 28 2
29 3 28 3
29 5 30 5
17 26 16 26
27 13 27 12
24 25 24 24
11 5 12 5
14 8 13 8
14 7 14 8
34 9 33 9
29 25 29 26
17 30 17 29
27 3 26 3
5 30 5 29
0 25 1 25
32 9 32 10
32 10 33 10
30 13 30 12
16 22 17 22
21 4 20 4
20 29 21 29
35 5 34 5
3 28 3 27
34 4 33 4
25 6 25 7
31 25 30 25
3 25 4 25
18 20 19 20
1 22 1 23
27 34 28 34
17 25 17 24
14 22 14 23
22 35 22 34
17 24 18 24
33 4 33 3
32 3 32 4
8 31 8 32
20 20 20 21
34 1 35 1
23 19 23 20
5 24 6 24
15 5 15 6
7 18 8 18
9 31 8 31
9 32 9 31
2 15 2 16
1 15 2 15
5 25 5 24
13 24 14 24
0 15 1 15
4 30 5 30
22 4 22 3
27 12 27 11
26 12 27 12
26 11 26 12
19 1 19 2
15 2 15 1
9 8 8 8
23 4 24 4
18 5 17 5
20 7 20 8
17 18 16 18
11 6 11 7
10 6 11 6
3 9 3 8
15 3 16 3
15 4 15 3
16 4 15 4
4 10 4 9
14 21 14 20
34 29 33 29
17 1 17 2
12 29 13 29
7 1 7 0
32 24 33 24
32 23 32 24
10 3 9 3
10 4 10 3
10 3 10 2
11 3 10 3
20 18 20 17
4 18 4 19
22 8 22 7
8 33 9 33
27 29 26 29
2 26 1 26
1 27 2 27
25 35 24 35
25 34 25 35
27 33 28 33
34 23 35 23
9 13 10 13
2 5 2 4
4 19 5 19
4 20 4 19
5 20 4 20
9 11 8 11
22 7 21 7
2 27 2 26
21 9 22 9
29 27 30 27
29 17 29 16
13 0 13 1
14 1 14 0
20 19 20 18
19 19 20 19
10 35 9 35
29 10 29 9
8 7 9 7
7 22 7 23
3 26 3 25
21 19 21 18
33 24 33 23
24 9 24 8
20 4 20 3
7 29 8 29
2 10 1 10
22 30 22 31
35 34 34 34
9 9 8 9
3 3 3 2
4 3 3 3
7 13 8 13
23 20 24 20
10 13 10 12
5 7 5 6
8 1 7 1
6 7 6 8
8 9 8 10
4 13 5 13
4 14 4 13
16 14 16 13
17 28 17 27
19 28 19 27
16 13 17 13
23 21 22 21
3 19 3 18
21 10 21 9
9 7 9 8
20 12 20 13
10 28 10 27
7 2 7 3
4 11 5 11
3 10 4 10
29 31 28 31
8 8 8 7
7 25 6 25
27 4 27 3
27 1 27 0
2 30 1 30
14 20 15 20
4 16 4 15
8 25 7 25
7 0 8 0
21 29 21 30
6 22 6 23
22 31 23 31
4 25 4 26
13 31 14 31
24 21 24 22
22 29 21 29
9 31 10 31
9 24 8 24
15 15 15 16
0 27 0 28
34 32 33 32
3 34 3 33
7 19 6 19
7 20 7 19
15 14 16 14
9 28 9 27
8 28 9 28
34 34 33 34
27 20 27 21
2 4 1 4
26 17 27 17
28 13 28 14
3 20 3 19
4 20 3 20
4 19 4 20
3 16 4 16
3 15 3 16
14 28 15 28
14 29 14 28
14 8 15 8
16 18 15 18
15 1 16 1
15 0 15 1
3 8 4 8
3 7 3 8
3 13 3 12
2 21 2 20
1 21 2 21
33 32 33 33
14 35 15 35
14 34 14 35
15 34 14 34
1 0 0 0
34 0 34 1
22 14 21 14
21 0 22 0
19 34 19 33
20 19 21 19
20 18 20 19
21 18 20 18
13 21 12 21
16 23 16 22
34 22 33 22
18 11 17 11
25 28 25 27
14 24 14 25
13 25 13 24
30 25 29 25
5 32 6 32
4 5 4 6
19 3 18 3
32 20 33 20
7 10 6 10
33 20 34 20
24 22 23 22
13 16 14 16
9 21 8 21
22 34 21 34
29 24 29 23
33 6 32 6
15 27 14 27
26 21 26 20
7 26 7 27
22 25 23 25
23 25 24 25
24 24 23 24
2 11 3 11
26 9 26 8
27 9 26 9
8 26 8 27
17 5 16 5
23 9 24 9
31 1 30 1
11 33 11 34
1 25 2 25
22 10 23 10
32 4 32 5
34 31 34 32
3 5 2 5
29 28 29 27
1 13 1 14
31 30 32 30
7 32 7 31
18 32 17 32
34 5 34 4
20 32 19 32
24 31 25 31
15 12 14 12
29 16 29 15
23 30 24 30
28 31 28 32
1 26 1 27
30 12 31 12
32 16 31 16
4 7 3 7
24 15 24 14
3 29 3 28
24 28 24 29
16 32 15 32
27 22 26 22
22 28 22 27
2 17 1 17
2 16 2 17
34 15 34 14
32 2 33 2
22 5 21 5
10 26 11 26
11 25 10 25
1 24 2 24
21 24 21 23
0 19 0 20
26 16 27 16
33 9 32 9
13 18 13 19
27 27 27 28
12 31 12 32
2 24 3 24
21 12 21 11
17 34 18 34
7 16 7 17
12 32 12 33
22 26 23 26
22 27 22 26
11 22 11 21
17 8 16 8
13 22 13 21
12 22 13 22
12 21 12 22
32 25 32 26
31 16 31 17
17 9 16 9
27 17 28 17
31 21 30 21
32 30 32 31
29 33 30 33
19 26 19 25
18 26 18 27
29 23 28 23
29 25 28 25
29 26 29 25
30 23 29 23
29 27 29 26
26 34 26 33
30 29 30 30
28 15 27 15
13 5 13 4
10 14 9 14
17 31 17 30
24 10 25 10
24 9 24 10
26 27 26 26
35 15 34 15
10 29 10 28
10 21 9 21
2 9 3 9
9 3 9 4
1 17 1 16
2 17 1 17
14 14 15 14
30 18 30 19
31 18 30 18
28 33 29 33
31 29 31 28
12 23 11 23
12 22 12 23
25 15 25 14
23 28 22 28
29 9 29 8
29 32 29 31
12 5 12 6
14 17 13 17
14 32 13 32
0 23 0 24
1 16 0 16
15 32 15 31
14 33 14 32
24 29 23 29
3 18 2 18
31 13 30 13
30 15 30 16
29 15 30 15
30 14 29 14
8 32 7 32
137
0 16 0 13
0 17 0 16
1 17 0 17
4 17 1 17
7 17 4 17
7 19 7 17
6 19 7 19
10 19 7 19
13 19 10 19
13 21 13 19
13 22 13 21
13 17 13 19
15 21 13 21
15 24 15 21
16 24 15 24
16 26 16 24
18 24 16 24
20 24 18 24
20 21 20 24
22 21 20 21
6 23 6 19
4 23 6 23
1 23 4 23
4 26 4 23
5 26 4 26
2 26 4 26
2 29 2 26
15 28 15 24
14 28 15 28
15 31 15 28
16 31 15 31
14 31 15 31
11 28 14 28
10 28 11 28
10 31 10 28
15 35 15 31
7 12 7 17
7 9 7 12
10 12 7 12
10 9 7 9
4 9 7 9
3 9 4 9
13 12 10 12
14 12 13 12
14 10 14 12
14 9 14 10
16 9 14 9
16 8 16 9
16 7 16 8
16 5 16 7
14 5 16 5
16 3 16 5
10 5 10 9
10 3 10 5
20 8 16 8
20 3 20 8
22 3 20 3
26 3 22 3
26 8 26 3
26 9 26 8
29 8 26 8
22 9 26 9
33 8 29 8
34 8 33 8
29 4 29 8
29 2 29 4
34 4 34 8
34 13 34 8
35 13 34 13
27 21 22 21
22 16 22 21
22 15 22 16
18 19 18 24
27 15 22 15
27 16 27 15
30 15 27 15
30 16 30 15
30 18 30 16
30 19 30 18
32 18 30 18
32 19 32 18
34 19 32 19
32 24 32 19
31 24 32 24
30 24 31 24
31 28 31 24
34 28 31 28
27 28 31 28
34 32 34 28
18 14 18 19
22 28 27 28
22 26 22 28
22 33 22 28
4 32 4 26
20 30 20 24
27 35 27 28
25 35 27 35
30 35 27 35
24 25 21 25
21 29 21 25
21 30 21 29
21 31 21 30
18 31 21 31
18 30 18 31
18 29 18 30
21 34 21 31
18 34 18 31
24 34 21 34
24 32 24 34
24 30 24 32
28 25 24 25
28 27 28 25
28 23 28 25
28 17 28 23
8 18 8 13
17 13 8 13
17 11 17 13
17 15 17 13
20 11 17 11
21 11 20 11
20 9 20 11
23 11 21 11
24 11 23 11
24 10 24 11
25 10 24 10
21 14 21 11
19 14 21 14
19 15 19 14
17 22 17 15
2 6 0 6
2 7 2 6
3 7 2 7
2 12 2 7
2 15 2 12
4 15 2 15
8 7 3 7
8 0 8 7
